14 0.45125000000000004 0.21875 0.04998355263157889 0.024983552631578976
20 0.531875 0.8162499999999999 0.0337416107382551 0.029991610738254848
06 0.08875 0.48687499999999995 0.03745689655172413 0.05620689655172412
06 0.9043749999999999 0.7975 0.11124444444444437 0.0674944444444443
03 0.55875 0.773125 0.10498809523809527 0.048738095238095136
03 0.983125 0.68625 0.018742977528089844 0.029992977528089826
20 0.8687499999999999 0.923125 0.042495098039215695 0.028745098039215655
03 0.375625 0.40875 0.05870689655172412 0.029956896551724177
03 0.245625 0.643125 0.021228448275862066 0.06122844827586216
15 0.18 0.63375 0.062386363636363656 0.03238636363636371
