08 0.269375 0.7625 0.12873355263157893 0.03248355263157887
03 0.8318749999999999 0.6825 0.04874161073825489 0.04499161073825486
11 0.9593750000000001 0.901875 0.04120689655172416 0.03120689655172415
04 0.8362499999999999 0.164375 0.047494444444444395 0.03874444444444444
03 0.7262500000000001 0.9081250000000001 0.04248809523809516 0.051238095238095194
08 0.079375 0.8274999999999999 0.021242977528089887 0.03499297752808983
04 0.26625 0.969375 0.0449950980392157 0.02624509803921571
05 0.911875 0.681875 0.036206896551724155 0.04120689655172405
13 0.78 0.8225 0.0749784482758622 0.09247844827586227
09 0.6481250000000001 0.458125 0.033636363636363686 0.04863636363636359
10 0.254375 0.201875 0.028735795454545465 0.018735795454545456
14 0.86 0.553125 0.06996951219512204 0.03871951219512204
12 0.238125 0.598125 0.06373214285714285 0.05873214285714279
04 0.97 0.7762500000000001 0.0324875 0.03748750000000001
