08 0.479375 0.200625 0.04373355263157891 0.02873355263157895
10 0.79125 0.54 0.024991610738254844 0.022491610738255008
03 0.385 0.631875 0.032456896551724124 0.04870689655172411
15 0.136875 0.714375 0.023744444444444457 0.0362444444444443
14 0.573125 0.785 0.031238095238095287 0.02998809523809509
14 0.11937500000000001 0.09687499999999999 0.05624297752808989 0.016242977528089883
06 0.5093762254901961 0.9237500000000001 0.053747549019607876 0.10749509803921564
06 0.31375 0.8143750000000001 0.06495689655172415 0.043706896551724106
14 0.6812499999999999 0.51 0.0174784482758622 0.029978448275862046
03 0.73875 0.281875 0.05488636363636368 0.03863636363636369
06 0.43875 0.6437499999999999 0.022485795454545487 0.09748579545454539
