03 0.735625 0.6725 0.013733552631578938 0.03248355263157898
08 0.5549999999999999 0.081875 0.034991610738254963 0.02874161073825504
18 0.8887499999999999 0.13624999999999998 0.019956896551724168 0.022456896551724143
06 0.605625 0.1899986111111111 0.036244444444444524 0.0049972222222222085
14 0.11937500000000001 0.22812500000000002 0.018738095238095234 0.04123809523809527
11 0.028749999999999998 0.73875 0.024992977528089887 0.02499297752808982
05 0.18375 0.746875 0.02499509803921568 0.02374509803921565
12 0.366875 0.9 0.03120689655172415 0.03495689655172418
13 0.22999999999999998 0.58375 0.09497844827586208 0.01747844827586209
06 0.1119034090909091 0.43 0.03869318181818182 0.04488636363636356
