19 0.255 0.028125 0.024983552631578948 0.016233552631578947
10 0.31937499999999996 0.905625 0.023741610738255037 0.021241610738254924
13 0.730635775862069 0.781875 0.028728448275862073 0.018706896551724084
20 0.7849999999999999 0.125 0.019994444444444315 0.02249444444444447
15 0.85 0.8075 0.027488095238095145 0.037488095238095154
04 0.25 0.96625 0.019992977528089845 0.019992977528089928
06 0.765 0.81375 0.049995098039215646 0.014995098039215726
01 0.316875 0.8543750000000001 0.013706896551724135 0.011206896551724133
13 0.818125 0.215625 0.018728448275862286 0.05872844827586207
04 0.479375 0.764375 0.018636363636363562 0.02113636363636373
06 0.5706285511363636 0.25375000000000003 0.008742897727272658 0.07998579545454548
20 0.454375 0.241875 0.01621951219512202 0.013719512195121991
04 0.854375 0.5349999999999999 0.026232142857142815 0.01748214285714289
10 0.453125 0.295625 0.016237500000000016 0.01623749999999996
