18 0.583125 0.0425 0.021233552631579 0.02498355263157895
03 0.056875 0.905625 0.03374161073825503 0.06624161073825485
18 0.840625 0.9668749999999999 0.02120689655172414 0.023706896551724088
04 0.30562500000000004 0.416875 0.031244444444444464 0.018744444444444452
04 0.73875 0.21687499999999998 0.02998809523809509 0.018738095238095248
11 0.8049999999999999 0.60875 0.029992977528089937 0.03249297752808977
14 0.84625 0.690625 0.05499509803921565 0.04374509803921567
06 0.510635775862069 0.579375 0.05372844827586204 0.11620689655172411
03 0.03937499999999999 0.265 0.01622844827586207 0.012478448275862086
20 0.5587500000000001 0.56375 0.012386363636363584 0.012386363636363584
14 0.27 0.674375 0.022485795454545487 0.0187357954545454
03 0.121875 0.266875 0.02871951219512195 0.018719512195121968
