04 0.11625 0.845 0.029983552631578952 0.022483552631578863
18 0.22375 0.1875 0.01999161073825506 0.022491610738255063
03 0.109375 0.44937499999999997 0.03620689655172414 0.021206896551724086
06 0.8043750000000001 0.07375000000000001 0.026244444444444404 0.019994444444444454
00 0.8425 0.6112500000000001 0.044988095238095105 0.04498809523809533
09 0.9299999999999999 0.641875 0.027492977528089768 0.043742977528089866
04 0.419375 0.869375 0.038745098039215664 0.02624509803921571
03 0.961875 0.8612500000000001 0.023706896551724088 0.032456896551724124
02 0.353125 0.10125 0.03622844827586208 0.044978448275862074
09 0.6512500000000001 0.435625 0.039886363636363664 0.033636363636363575
06 0.32125000000000004 0.393125 0.06498579545454547 0.12623579545454544
