15 0.671875 0.9199999999999999 0.021233552631579 0.022483552631578863
11 0.95875 0.465625 0.02999161073825496 0.02624161073825504
15 0.840625 0.903125 0.05870689655172412 0.05620689655172406
12 0.524375 0.721875 0.036244444444444524 0.033744444444444355
06 0.205625 0.369375 0.018738095238095276 0.03873809523809524
04 0.545625 0.6375 0.0312429775280898 0.032492977528089884
09 0.120625 0.9099999999999999 0.03374509803921569 0.02999509803921574
03 0.2225 0.524375 0.034956896551724126 0.04870689655172411
00 0.46499999999999997 0.43 0.029978448275862102 0.0274784482758621
02 0.31999999999999995 0.9143749999999999 0.03238636363636366 0.016136363636363726
