03 0.729375 0.11625 0.011233552631578991 0.029983552631578952
15 0.136875 0.830625 0.021241610738255035 0.01624161073825492
10 0.3825 0.156875 0.019956896551724168 0.01620689655172411
10 0.513125 0.5 0.026244444444444404 0.02249444444444454
03 0.74125 0.54375 0.037488095238095154 0.02498809523809531
06 0.7543732443820225 0.8325 0.018746488764044944 0.02499297752808982
18 0.590625 0.8218749999999999 0.021245098039215704 0.02374509803921565
14 0.1425 0.510625 0.034956896551724126 0.03370689655172415
05 0.09186961206896552 0.034999999999999996 0.03873922413793103 0.019978448275862065
10 0.55 0.704375 0.0323863636363636 0.028636363636363793
08 0.625 0.41500000000000004 0.029985795454545494 0.02998579545454544
