20 0.125625 0.39937500000000004 0.01873355263157893 0.01623355263157894
14 0.88 0.75875 0.10249161073825497 0.03749161073825491
14 0.21375 0.416875 0.034956896551724126 0.053706896551724115
08 0.32 0.20875 0.05999444444444446 0.017494444444444424
06 0.500625 0.1325 0.06123809523809526 0.07998809523809525
03 0.396875 0.066875 0.021242977528089846 0.036242977528089894
08 0.814375 0.24312499999999998 0.02624509803921571 0.041245098039215694
14 0.58875 0.028125 0.049956896551724084 0.05370689655172414
14 0.959375 0.9625 0.05122844827586226 0.032478448275862215
18 0.52625 0.53625 0.02488636363636365 0.027386363636363598
13 0.74 0.755 0.07248579545454525 0.07998579545454532
03 0.3325 0.556875 0.03996951219512196 0.08121951219512202
13 0.9237500000000001 0.605 0.05248214285714281 0.08748214285714284
12 0.5800000000000001 0.6443749999999999 0.047487500000000016 0.04623750000000004
