07 0.24625411184210524 0.724375 0.019991776315789467 0.04873355263157886
20 0.268125 0.4825 0.023741610738255092 0.01999161073825506
15 0.45999999999999996 0.846875 0.012456896551724161 0.0337068965517241
06 0.268125 0.2275 0.02874444444444446 0.017494444444444424
07 0.410625 0.7024999999999999 0.1112380952380953 0.03248809523809515
14 0.78125 0.88625 0.03499297752808994 0.039992977528089835
03 0.52125 0.020625000000000004 0.02999509803921563 0.02124509803921569
17 0.454989224137931 0.04 0.0274784482758621 0.03495689655172414
18 0.6 0.6475 0.019978448275862037 0.022478448275862095
18 0.358125 0.63375 0.021136363636363564 0.022386363636363704
