16 0.6575 0.54 0.037483552631578876 0.03248355263157887
08 0.2025 0.49 0.029991610738255042 0.04749161073825503
18 0.266875 0.031875 0.01870689655172414 0.02120689655172414
15 0.97 0.34625 0.022494444444444373 0.02499444444444454
18 0.09062500000000001 0.785625 0.018738095238095234 0.021238095238095056
05 0.595625 0.4225 0.028742977528089853 0.029992977528089826
07 0.5381262254901961 0.530625 0.021247549019607792 0.03624509803921572
00 0.9668749999999999 0.5625 0.0337068965517241 0.022456896551724226
20 0.051250000000000004 0.1275 0.024978448275862077 0.027478448275862058
05 0.784375 0.840625 0.02363636363636379 0.026136363636363735
01 0.959375 0.60625 0.01873579545454529 0.019985795454545485
03 0.704375 0.56625 0.018719512195122023 0.04996951219512202
15 0.383125 0.11687053571428571 0.02373214285714287 0.021241071428571442
14 0.4275 0.424375 0.022487499999999994 0.02123750000000002
