04 0.77875 0.2175 0.04248355263157888 0.03248355263157898
03 0.97 0.55 0.03749161073825491 0.027491610738255123
10 0.4175 0.8343750000000001 0.03745689655172413 0.03120689655172415
03 0.12 0.281875 0.07749444444444446 0.03374444444444441
03 0.7637499999999999 0.2175 0.024988095238095087 0.07748809523809524
06 0.013125 0.4075 0.016242977528089887 0.03249297752808983
12 0.318125 0.65875 0.04124509803921572 0.04499509803921564
06 0.108125 0.535625 0.031206896551724123 0.0337068965517241
04 0.67125 0.076875 0.03997844827586228 0.03872844827586206
10 0.574375 0.6475 0.02863636363636357 0.029886363636363655
