00 0.6525000000000001 0.910625 0.019983552631578916 0.013733552631578938
04 0.944375 0.765625 0.031241610738254932 0.031241610738254932
01 0.54 0.8500000000000001 0.02495689655172406 0.022456896551724115
03 0.504375 0.380625 0.023744444444444568 0.036244444444444524
18 0.389375 0.401875 0.018738095238095276 0.021238095238095278
14 0.41500000000000004 0.899375 0.024992977528089877 0.016242977528089786
12 0.533125 0.495625 0.02624509803921571 0.033745098039215715
01 0.198125 0.75 0.023706896551724144 0.01745689655172411
18 0.41000000000000003 0.395 0.019978448275862093 0.02247844827586204
01 0.9175 0.775625 0.019886363636363757 0.013636363636363669
06 0.3775 0.23625000000000002 0.022485795454545432 0.019985795454545457
14 0.200625 0.954375 0.038719512195121986 0.026219512195121975
03 0.81125 0.7818750000000001 0.05248214285714281 0.02123214285714281
