03 0.39625 0.825 0.037483552631578876 0.10498355263157888
13 0.409375 0.950625 0.08374161073825503 0.09124161073825487
06 0.656875 0.50625 0.1012068965517241 0.049956896551724084
14 0.43 0.805 0.0374944444444445 0.054994444444444346
11 0.151875 0.49624999999999997 0.036238095238095236 0.029988095238095258
20 0.5231250000000001 0.87625 0.03124297752808991 0.02749297752808988
20 0.708125 0.559375 0.023745098039215762 0.02374509803921565
03 0.965625 0.216875 0.0337068965517241 0.07120689655172413
15 0.045 0.901875 0.027478448275862072 0.07372844827586222
03 0.480625 0.31625 0.051136363636363646 0.07238636363636364
