08 0.093125 0.63625 0.06123355263157895 0.057483552631578894
03 0.62375 0.5974999999999999 0.034991610738254963 0.042491610738255026
03 0.44937499999999997 0.33875 0.10870689655172411 0.04745689655172414
15 0.7224999999999999 0.693125 0.057494444444444404 0.07624444444444434
03 0.39625 0.746875 0.0774880952380953 0.07123809523809521
10 0.353125 0.174375 0.06874297752808983 0.06374297752808986
09 0.7606250000000001 0.118125 0.0737450980392157 0.03624509803921569
14 0.250625 0.766875 0.023706896551724144 0.05120689655172417
06 0.76875 0.278125 0.08997844827586221 0.11372844827586207
03 0.42375 0.380625 0.037386363636363606 0.0611363636363636
18 0.265625 0.81 0.03623579545454547 0.03748579545454522
04 0.6475 0.694375 0.05496951219512203 0.03621951219512198
06 0.44437499999999996 0.30000000000000004 0.19873214285714286 0.06498214285714282
