15 0.5225 0.669375 0.022483552631578863 0.033733552631578845
03 0.553125 0.4125 0.013741610738255083 0.04249161073825508
03 0.10375 0.53625 0.06495689655172412 0.024956896551724173
06 0.96375 0.344375 0.01499444444444431 0.03874444444444447
14 0.080625 0.10875 0.026238095238095227 0.014988095238095245
01 0.546875 0.5743750000000001 0.036242977528089915 0.026242977528089795
13 0.87625 0.875 0.049995098039215646 0.05249509803921559
03 0.46625 0.7525 0.029956896551724177 0.057456896551724035
10 0.846875 0.6325000000000001 0.03122844827586213 0.029978448275862157
11 0.1275 0.881875 0.02488636363636365 0.02113636363636373
15 0.6225 0.663125 0.009985795454545365 0.048735795454545316
06 0.4175 0.6056250000000001 0.084969512195122 0.09121951219512192
