20 0.846875 0.646875 0.018733552631578942 0.013733552631578938
18 0.920625 0.5062500000000001 0.018741610738254866 0.01999161073825506
03 0.66875 0.135 0.012456896551724106 0.012456896551724134
03 0.9775 0.8118749999999999 0.03999444444444433 0.01874444444444434
06 0.92125 0.303125 0.08248809523809508 0.04123809523809524
03 0.369375 0.15125 0.043742977528089866 0.03999297752808986
18 0.815625 0.3675 0.018745098039215757 0.022495098039215677
11 0.090625 0.303125 0.03620689655172413 0.023706896551724144
04 0.373125 0.20500000000000002 0.028728448275862073 0.019978448275862065
18 0.944375 0.44 0.018636363636363673 0.022386363636363593
