10 0.5856250000000001 0.6625 0.013733552631578827 0.012483552631578965
09 0.17812499999999998 0.5406249999999999 0.013741610738255056 0.021241610738255035
06 0.9768749999999999 0.27437500000000004 0.026206896551724035 0.028706896551724148
08 0.680625 0.514375 0.016244444444444395 0.018744444444444452
06 0.91875 0.0775 0.05998809523809512 0.024988095238095226
08 0.66875 0.91625 0.009992977528089919 0.019992977528089817
04 0.629375 0.861875 0.021245098039215704 0.021245098039215704
15 0.9706250000000001 0.88625 0.01370689655172408 0.014956896551724164
06 0.06937499999999999 0.28437500000000004 0.011228448275862071 0.02622844827586207
07 0.878125 0.7175 0.028636363636363682 0.04238636363636372
03 0.926875 0.24125 0.026235795454545352 0.024985795454545434
03 0.56375 0.525 0.024969512195122 0.022469512195121943
