13 0.701875 0.798125 0.05373355263157886 0.11373355263157892
15 0.67125 0.15125 0.03999161073825497 0.024991610738255066
06 0.81375 0.50125 0.022456896551724115 0.0674568965517241
03 0.40125 0.084375 0.02499444444444454 0.02624444444444446
11 0.594375 0.27125 0.023738095238095225 0.019988095238095305
03 0.10500000000000001 0.15625 0.02499297752808989 0.032492977528089856
03 0.816875 0.8475 0.023745098039215762 0.027495098039215682
18 0.965625 0.609375 0.016206896551724137 0.018706896551724084
14 0.1975 0.26 0.019978448275862065 0.03497844827586208
09 0.675 0.266875 0.014886363636363753 0.03363636363636363
08 0.786875 0.7537499999999999 0.03873579545454531 0.02248579545454532
