03 0.1775 0.78 0.027483552631578978 0.06498355263157896
08 0.7637499999999999 0.24312499999999998 0.04499161073825497 0.02624161073825501
03 0.9468749999999999 0.036875 0.011206896551724133 0.06620689655172414
01 0.0275 0.18375 0.017494444444444444 0.019994444444444426
03 0.853125 0.579375 0.028738095238095118 0.031238095238095287
06 0.303125 0.8887499999999999 0.013742977528089895 0.02499297752808982
06 0.426875 0.436875 0.08124509803921565 0.033745098039215715
20 0.345625 0.294375 0.02120689655172414 0.016206896551724137
03 0.4375 0.140625 0.022478448275862095 0.02372844827586207
09 0.2025 0.579375 0.06738636363636366 0.026136363636363624
00 0.026249999999999996 0.233125 0.02998579545454545 0.018735795454545456
14 0.9456249999999999 0.10125 0.02871951219512192 0.04246951219512195
