04 0.09812499999999999 0.46125 0.03623355263157896 0.02498355263157892
08 0.125625 0.315 0.06124161073825504 0.03249161073825502
14 0.5525 0.08875 0.032456896551724124 0.10745689655172413
03 0.29875 0.179375 0.06499444444444447 0.028744444444444434
07 0.050625 0.558125 0.036238095238095236 0.016238095238095274
12 0.638125 0.33875 0.03874297752808975 0.039992977528089835
08 0.92875 0.271875 0.017495098039215673 0.06874509803921566
10 0.538125 0.6856249999999999 0.043706896551724106 0.043706896551724106
00 0.506875 0.881875 0.038728448275862026 0.026228448275862237
03 0.6025 0.850625 0.06988636363636358 0.05113636363636376
10 0.825 0.3825 0.027485795454545325 0.02498579545454549
