03 0.6868749999999999 0.391875 0.061233552631578925 0.02373355263157889
14 0.031249999999999997 0.9737499999999999 0.05999161073825503 0.0274916107382549
04 0.7418750000000001 0.693125 0.0337068965517241 0.026206896551724146
18 0.6343749999999999 0.62 0.023744444444444457 0.027494444444444488
03 0.2575 0.3425 0.06248809523809529 0.04248809523809527
03 0.53125 0.174375 0.024992977528089932 0.03624297752808989
08 0.30437377450980396 0.965623774509804 0.051247549019607874 0.036247549019607805
03 0.19375 0.516875 0.034956896551724126 0.016206896551724137
19 0.8725 0.57125 0.05247844827586212 0.0274784482758621
03 0.16062500000000002 0.7825 0.048636363636363644 0.057386363636363735
14 0.7475 0.233125 0.03748579545454522 0.02373579545454546
13 0.604375 0.45625 0.05621951219512189 0.10996951219512197
