04 0.61375 0.5306249999999999 0.037483552631578876 0.031233552631578898
18 0.340625 0.8318749999999999 0.02624161073825504 0.028741610738254875
09 0.1775 0.911875 0.03745689655172413 0.0387068965517241
13 0.7262500000000001 0.29875 0.1099944444444444 0.15999444444444444
08 0.724375 0.5387500000000001 0.04373809523809513 0.03998809523809521
13 0.09625 0.255625 0.05749297752808989 0.11624297752808985
03 0.10812377450980391 0.7075 0.04374754901960784 0.04499509803921575
06 0.9275 0.345 0.06245689655172404 0.12745689655172415
13 0.501875 0.10500000000000001 0.12372844827586199 0.08997844827586207
12 0.075 0.7925 0.05238636363636364 0.057386363636363735
06 0.6975 0.171875 0.04748579545454534 0.09873579545454547
03 0.5231250000000001 0.76125 0.053719512195122 0.087469512195122
05 0.31375 0.218125 0.0399821428571428 0.04373214285714286
05 0.489375 0.895625 0.03123750000000003 0.028737500000000082
