20 0.09 0.6737500000000001 0.02748355263157895 0.019983552631578916
03 0.2375 0.10312500000000001 0.054991610738255065 0.053741610738255036
18 0.8425 0.30000000000000004 0.02745689655172412 0.02995689655172412
04 0.07125000000000001 0.09875 0.034994444444444446 0.03499444444444445
18 0.41312499999999996 0.21437499999999998 0.03123809523809523 0.03373809523809526
03 0.858125 0.224375 0.05874297752808988 0.041242977528089836
03 0.516875 0.6125 0.038745098039215664 0.02999509803921574
03 0.9299999999999999 0.129375 0.04245689655172413 0.02370689655172413
03 0.233125 0.65875 0.03372844827586208 0.02747844827586221
14 0.44875 0.18937500000000002 0.034886363636363604 0.06863636363636366
11 0.4375 0.038125 0.0399857954545455 0.028735795454545455
