03 0.124375 0.871875 0.053733552631578946 0.051233552631578916
03 0.429375 0.05625 0.05124161073825506 0.03249161073825503
03 0.825625 0.5675 0.028706896551724204 0.06245689655172404
04 0.1075 0.59875 0.03749444444444447 0.029994444444444435
10 0.1225 0.019999999999999997 0.022488095238095238 0.024988095238095236
03 0.5725 0.7849999999999999 0.0474929775280899 0.012492977528089866
11 0.3325 0.6012500000000001 0.032495098039215686 0.042495098039215695
07 0.263125 0.1875 0.06370689655172412 0.10495689655172413
03 0.450625 0.14500000000000002 0.01372844827586206 0.03747844827586208
08 0.07250000000000001 0.849375 0.024886363636363637 0.05613636363636365
