20 0.591875 0.3325 0.026233552631578894 0.027483552631578922
04 0.918125 0.818125 0.03374161073825488 0.018741610738254977
03 0.780625 0.786875 0.028706896551724093 0.06620689655172418
11 0.7075 0.46625 0.027494444444444377 0.03249444444444449
03 0.338125 0.7581249999999999 0.04373809523809524 0.0612380952380952
03 0.1225 0.92125 0.034992977528089886 0.03249297752808977
20 0.409375 0.6793750000000001 0.02624509803921571 0.02374509803921565
03 0.55125 0.705 0.022456896551724115 0.04745689655172414
03 0.2525 0.7931250000000001 0.019978448275862065 0.01622844827586223
03 0.6130965909090909 0.08374999999999999 0.016193181818181857 0.019886363636363633
13 0.536875 0.6756249999999999 0.061235795454545494 0.07373579545454534
