03 0.860625 0.5275000000000001 0.016233552631578885 0.012483552631578854
14 0.481875 0.63 0.013741610738255083 0.02249161073825512
03 0.04625 0.6756249999999999 0.022456896551724143 0.04120689655172416
02 0.39749999999999996 0.294375 0.014994444444444477 0.016244444444444395
08 0.525625 0.4981220238095238 0.031238095238095287 0.02624404761904764
03 0.595625 0.203125 0.018742977528089844 0.03624297752808986
04 0.135625 0.2425 0.026245098039215695 0.019995098039215703
08 0.65375 0.436875 0.019956896551724168 0.0387068965517241
03 0.201875 0.12 0.028728448275862073 0.01997844827586208
06 0.40375 0.206875 0.019886363636363646 0.01613636363636367
03 0.6018749999999999 0.011249999999999998 0.033735795454545525 0.01998579545454545
