01 0.31999999999999995 0.348125 0.009983552631578962 0.011233552631578936
12 0.5549999999999999 0.45 0.022491610738255008 0.024991610738255066
07 0.145 0.7362500000000001 0.03995689655172413 0.03495689655172407
16 0.4375 0.754375 0.02499444444444454 0.02874444444444435
13 0.448125 0.24312499999999998 0.03623809523809529 0.04123809523809527
18 0.5725 0.26187499999999997 0.012492977528089866 0.013742977528089895
12 0.86625 0.43125 0.024995098039215624 0.027495098039215682
04 0.826875 0.18312499999999998 0.02120689655172414 0.021206896551724114
04 0.36 0.94375 0.019978448275862037 0.014978448275862144
13 0.57125 0.8774715909090909 0.047386363636363615 0.029943181818181785
