08 0.8125 0.475 0.037483552631578876 0.03248355263157893
12 0.955 0.955625 0.052491610738254924 0.046241610738254946
01 0.9025 0.6231249999999999 0.01745689655172411 0.011206896551724133
03 0.414375 0.610625 0.043744444444444475 0.033744444444444466
18 0.106875 0.295625 0.021238095238095236 0.02373809523809528
12 0.35687500000000005 0.6856249999999999 0.031242977528089855 0.05124297752808993
06 0.8206249999999999 0.5762499999999999 0.013745098039215642 0.09249509803921574
14 0.07125 0.40812499999999996 0.01995689655172414 0.028706896551724148
07 0.9237500000000001 0.6956249999999999 0.039978448275862166 0.06622844827586227
15 0.473125 0.43062500000000004 0.016136363636363615 0.031136363636363573
15 0.6793750000000001 0.38562144886363636 0.03873579545454542 0.04624289772727275
05 0.196875 0.71 0.04121951219512199 0.03746951219512196
