07 0.469375 0.67625 0.0362335526315789 0.017483552631578858
18 0.8500000000000001 0.8325 0.017491610738254892 0.01999161073825495
03 0.77625 0.041875 0.05245689655172403 0.026206896551724142
13 0.8300000000000001 0.115 0.017494444444444368 0.08749444444444446
02 0.6325 0.77875 0.03498809523809521 0.04748809523809505
04 0.045625 0.806875 0.021242977528089887 0.016242977528089897
03 0.15625 0.5018750000000001 0.02499509803921568 0.04124509803921572
03 0.69625 0.31875 0.02495689655172406 0.02995689655172412
15 0.24062499999999998 0.1325 0.028728448275862045 0.044978448275862074
12 0.043125 0.8731249999999999 0.03613636363636363 0.0336363636363638
13 0.5018750000000001 0.94375 0.023735795454545516 0.017485795454545316
06 0.5700000000000001 0.14687499999999998 0.01746951219512194 0.01871951219512194
