15 0.259375 0.32125 0.013733552631578994 0.027483552631578978
09 0.838125 0.27 0.04124161073825494 0.06999161073825505
06 0.589375 0.2675 0.11620689655172411 0.04495689655172411
06 0.8831249999999999 0.34875 0.0937444444444443 0.044994444444444504
03 0.15625 0.691875 0.027488095238095256 0.02623809523809517
20 0.783125 0.9075 0.028742977528089853 0.029992977528089826
03 0.5331250000000001 0.164375 0.07124509803921575 0.03624509803921569
03 0.1925 0.21000000000000002 0.04745689655172414 0.052456896551724114
19 0.701875 0.8625 0.03872844827586219 0.04497844827586228
02 0.48750000000000004 0.16999999999999998 0.03988636363636361 0.05738636363636365
03 0.74625 0.57625 0.037485795454545334 0.07248579545454548
11 0.76875 0.620625 0.03246951219512206 0.03121951219512198
11 0.174375 0.64625 0.03623214285714285 0.022482142857142895
05 0.7137500000000001 0.9312499999999999 0.03748750000000001 0.02498750000000005
