15 0.53375 0.275 0.019983552631578916 0.02998355263157898
15 0.15000000000000002 0.818125 0.03499161073825505 0.05124161073825495
18 0.080625 0.123125 0.021206896551724128 0.023706896551724116
08 0.08375 0.5062500000000001 0.06249444444444446 0.05249444444444451
03 0.46499999999999997 0.709375 0.049988095238095276 0.06123809523809509
10 0.51875 0.037500000000000006 0.04249297752808984 0.03999297752808989
03 0.49124999999999996 0.6699999999999999 0.03499509803921569 0.032495098039215686
04 0.37375 0.19437500000000002 0.03245689655172418 0.026206896551724118
14 0.43125 0.575 0.017478448275862035 0.039978448275862055
20 0.98875 0.6243749999999999 0.014886363636363753 0.011136363636363611
03 0.313125 0.29000000000000004 0.06623579545454544 0.03498579545454544
05 0.16125 0.8975 0.024969512195121946 0.04246951219512196
