18 0.74125 0.81125 0.014983552631578911 0.017483552631578858
11 0.215 0.184375 0.027491610738255068 0.026241610738255067
03 0.6525 0.31562500000000004 0.014956896551724164 0.013706896551724135
01 0.359375 0.505625 0.013744444444444448 0.016244444444444506
14 0.0775 0.052500000000000005 0.022488095238095224 0.012488095238095236
03 0.029375 0.10750000000000001 0.03124297752808989 0.0374929775280899
14 0.8400000000000001 0.62625 0.01999509803921573 0.01999509803921573
15 0.276875 0.703125 0.013706896551724135 0.011206896551724022
01 0.3425 0.56375 0.014978448275862088 0.014978448275862033
12 0.7818750000000001 0.9175 0.026136363636363735 0.02738636363636371
12 0.8200000000000001 0.18875 0.029985795454545383 0.03498579545454544
08 0.870625 0.04875 0.008719512195122014 0.02246951219512195
