14 0.27375000000000005 0.890625 0.034983552631578985 0.021233552631579
03 0.6599999999999999 0.24375 0.04499161073825497 0.022491610738255063
06 0.8125 0.47875 0.01745689655172411 0.07745689655172416
12 0.32562500000000005 0.53 0.03624444444444447 0.0374944444444445
13 0.6781250000000001 0.3125 0.05623809523809509 0.04248809523809527
13 0.040625 0.389375 0.061242977528089895 0.038742977528089806
15 0.9181250000000001 0.9568749999999999 0.008745098039215748 0.02374509803921565
09 0.16999999999999998 0.145625 0.014956896551724136 0.03620689655172413
14 0.91625 0.134375 0.032478448275862215 0.04372844827586207
04 0.72125 0.13374999999999998 0.029886363636363655 0.03238636363636363
