20 0.041875 0.43437499999999996 0.016233552631578954 0.013733552631578883
15 0.690625 0.54125 0.026241610738254928 0.014991610738255057
20 0.8656250000000001 0.358125 0.02120689655172414 0.01870689655172414
13 0.460625 0.05750000000000001 0.043744444444444475 0.10749444444444446
07 0.40625 0.30562500000000004 0.06248809523809529 0.1112380952380953
14 0.846875 0.106875 0.05624297752808982 0.0387429775280899
09 0.38249999999999995 0.24812499999999998 0.0449950980392157 0.0512450980392157
20 0.37625 0.035625000000000004 0.02995689655172412 0.02120689655172414
03 0.076875 0.805625 0.04872844827586206 0.03122844827586224
06 0.11812500000000001 0.344375 0.07613636363636363 0.046136363636363587
14 0.18375 0.70875 0.049985795454545456 0.04998579545454529
06 0.695625 0.8787499999999999 0.09371951219512198 0.06996951219512193
03 0.6993750000000001 0.74375 0.03123214285714282 0.03498214285714285
18 0.33125 0.36124999999999996 0.027487499999999998 0.0299875
