15 0.8868791118421053 0.07625 0.0412417763157894 0.022483552631578946
14 0.6487499999999999 0.194375 0.01999161073825495 0.03874161073825505
08 0.208125 0.31625000000000003 0.023706896551724144 0.04745689655172408
20 0.24625 0.150625 0.03749444444444444 0.03624444444444444
03 0.6493749999999999 0.433125 0.0562380952380952 0.0437380952380953
03 0.4575 0.48875 0.05499297752808985 0.052492977528089846
20 0.116875 0.724375 0.016245098039215686 0.018745098039215646
03 0.15875 0.10625000000000001 0.04245689655172413 0.019956896551724126
13 0.411875 0.520625 0.08872844827586207 0.1187284482758621
14 0.320625 0.125 0.03113636363636363 0.019886363636363646
17 0.8206249999999999 0.555625 0.05623579545454527 0.051235795454545485
