13 0.8550041118421052 0.74125 0.02999177631578942 0.0724835526315789
03 0.693125 0.6 0.02374161073825487 0.034991610738255075
12 0.829375 0.884375 0.026206896551724146 0.028706896551724093
14 0.10125 0.18625 0.02249444444444447 0.027494444444444432
15 0.419375 0.620625 0.031238095238095287 0.033738095238095234
14 0.90125 0.67625 0.022492977528089764 0.057492977528089906
20 0.585 0.210625 0.017495098039215673 0.0162450980392157
03 0.915 0.128125 0.03495689655172407 0.05870689655172415
03 0.825625 0.96625 0.013728448275862282 0.02747844827586221
01 0.655 0.4525 0.03238636363636371 0.024886363636363595
01 0.085625 0.689375 0.016235795454545454 0.016235795454545343
