15 0.438125 0.18562499999999998 0.05623355263157892 0.033733552631578984
03 0.7375 0.625 0.032491610738254906 0.05499161073825498
03 0.48 0.46375 0.04245689655172419 0.06245689655172415
15 0.239375 0.55125 0.02624444444444443 0.05249444444444451
03 0.443125 0.845 0.031238095238095287 0.02248809523809514
03 0.54125 0.35 0.07499297752808987 0.02249297752808982
14 0.495 0.71625 0.03999509803921564 0.01999509803921573
02 0.326875 0.30062500000000003 0.041206896551724104 0.04370689655172416
03 0.731875 0.14250000000000002 0.053728448275862206 0.03497844827586208
12 0.266875 0.059375 0.048636363636363644 0.04113636363636363
10 0.899375 0.7581249999999999 0.0337357954545453 0.031235795454545356
12 0.40625 0.595 0.047469512195121966 0.057469512195121975
08 0.25125 0.5687500000000001 0.04248214285714286 0.03248214285714279
