08 0.7537499999999999 0.09375 0.04998355263157894 0.02748355263157895
00 0.401875 0.585625 0.04874161073825506 0.04624161073825506
11 0.229375 0.265625 0.043706896551724106 0.0387068965517241
11 0.8025 0.631875 0.04249444444444439 0.036244444444444524
03 0.503125 0.368125 0.07623809523809527 0.058738095238095256
15 0.48250000000000004 0.423125 0.03249297752808983 0.031242977528089855
18 0.29125 0.31375 0.027495098039215682 0.029995098039215684
04 0.29375 0.9 0.04245689655172413 0.03745689655172413
03 0.07250000000000001 0.6174999999999999 0.06747844827586208 0.032478448275862104
15 0.568125 0.676875 0.07113636363636355 0.06363636363636371
03 0.49124999999999996 0.935 0.027485795454545492 0.044985795454545285
