06 0.9387541118421052 0.356875 0.03749177631578948 0.05873355263157887
06 0.11875 0.913125 0.019991610738255047 0.04374161073825489
01 0.9550000000000001 0.9650000000000001 0.012456896551724106 0.012456896551724106
08 0.8075 0.674375 0.009994444444444417 0.06624444444444444
10 0.176875 0.891875 0.016238095238095274 0.016238095238095163
06 0.396875 0.8574999999999999 0.011242977528089837 0.014992977528089813
01 0.056249999999999994 0.72 0.014995098039215692 0.009995098039215722
06 0.66 0.755625 0.014956896551724164 0.011206896551724133
04 0.501875 0.168125 0.01872844827586201 0.016228448275862062
18 0.5825 0.0225 0.014886363636363642 0.017386363636363637
