11 0.511875 0.499375 0.026233552631578894 0.021233552631578834
20 0.811875 0.981875 0.018741610738254977 0.01624161073825492
05 0.37312500000000004 0.2775 0.023706896551724144 0.032456896551724124
19 0.4875 0.4075 0.022494444444444484 0.034994444444444495
08 0.08124999999999999 0.2818720238095238 0.022488095238095238 0.03874404761904765
10 0.34875 0.921875 0.01749297752808987 0.018742977528089844
04 0.04875 0.551875 0.024995098039215687 0.02624509803921571
03 0.503125 0.863125 0.03120689655172415 0.018706896551724084
08 0.235625 0.82375 0.028728448275862073 0.042478448275862224
14 0.040624999999999994 0.8625 0.03363636363636363 0.03488636363636377
10 0.8631249999999999 0.8725 0.021235795454545348 0.019985795454545374
20 0.41375 0.20500000000000002 0.019969512195121997 0.01996951219512197
