03 0.365 0.275 0.01248355263157891 0.024983552631578976
06 0.184375 0.265625 0.013741610738255056 0.05874161073825504
18 0.481875 0.541875 0.018706896551724084 0.02120689655172403
08 0.21875 0.6699999999999999 0.01249444444444442 0.02499444444444443
14 0.104375 0.3775 0.018738095238095234 0.029988095238095314
18 0.308125 0.21500000000000002 0.018742977528089844 0.022492977528089847
18 0.46499999999999997 0.09625 0.019995098039215675 0.02249509803921569
03 0.43625 0.5449999999999999 0.017456896551724166 0.029956896551724177
12 0.4325 0.70375 0.029978448275862046 0.032478448275862215
14 0.7575000000000001 0.374375 0.04238636363636383 0.033636363636363575
