13 0.7206250000000001 0.46499999999999997 0.031233552631578898 0.07498355263157891
09 0.15812500000000002 0.353125 0.023741610738255065 0.013741610738255028
10 0.5425 0.15000000000000002 0.019956896551724057 0.017456896551724138
20 0.0875 0.175625 0.009994444444444459 0.008744444444444444
07 0.441875 0.566875 0.01123809523809527 0.01873809523809533
08 0.15125175561797755 0.179375 0.022496488764044947 0.018742977528089844
15 0.44125000000000003 0.7262500000000001 0.022495098039215733 0.01999509803921573
03 0.245 0.766875 0.01745689655172411 0.023706896551724088
18 0.56 0.7381249999999999 0.012478448275862086 0.01622844827586223
15 0.71625 0.88 0.019886363636363646 0.019886363636363757
