04 0.530625 0.788125 0.033733552631578956 0.031233552631578898
02 0.9612479026845637 0.16749999999999998 0.04249580536912756 0.03749161073825505
18 0.305 0.690625 0.022456896551724115 0.026206896551724146
06 0.06875 0.84625 0.07999444444444445 0.017494444444444368
04 0.863125 0.05625000000000001 0.03873809523809513 0.029988095238095237
12 0.733125 0.8356250000000001 0.043742977528089866 0.05124297752808993
02 0.43062500000000004 0.5293749999999999 0.033745098039215715 0.046245098039215615
04 0.21125 0.23875 0.03745689655172413 0.02995689655172412
03 0.41312499999999996 0.121875 0.04372844827586203 0.041228448275862056
03 0.8674999999999999 0.25 0.06738636363636374 0.05238636363636365
