03 0.13625 0.164375 0.04248355263157895 0.041233552631578935
08 0.7175 0.09125 0.0274916107382549 0.047491610738255044
20 0.6575 0.7224999999999999 0.024956896551724173 0.022456896551724115
06 0.845625 0.13874999999999998 0.033744444444444355 0.022494444444444456
06 0.8400000000000001 0.585 0.06498809523809512 0.08998809523809526
20 0.6475 0.5956250000000001 0.032492977528089884 0.03124297752808991
06 0.09375 0.19062377450980392 0.1249950980392157 0.03624754901960786
08 0.310625 0.360625 0.04870689655172411 0.01870689655172414
12 0.711875 0.5662499999999999 0.0487284482758622 0.05247844827586212
20 0.808125 0.42625 0.03113636363636374 0.0298863636363636
13 0.12 0.179375 0.06998579545454546 0.07623579545454548
03 0.6475 0.169375 0.04246951219512196 0.026219512195121947
