04 0.8725 0.611875 0.027483552631578978 0.026233552631579005
11 0.5700000000000001 0.068125 0.042491610738255026 0.031241610738255043
20 0.593125 0.78375 0.026206896551724146 0.02495689655172406
03 0.8968750000000001 0.41625 0.03874444444444436 0.05999444444444446
03 0.52125 0.90875 0.027488095238095256 0.03748809523809504
20 0.178125 0.711875 0.03624297752808986 0.023742977528089848
08 0.651875 0.75625 0.05874509803921568 0.04499509803921575
20 0.89 0.30500000000000005 0.029956896551724066 0.024956896551724117
03 0.49624999999999997 0.431875 0.03747844827586205 0.02372844827586207
00 0.84375 0.125 0.04488636363636367 0.032386363636363644
