00 0.8981250000000001 0.796875 0.051233552631578916 0.041233552631578796
03 0.74375 0.76625 0.04499161073825486 0.03999161073825497
13 0.15125 0.141875 0.17245689655172414 0.08620689655172414
04 0.2 0.4625 0.05249444444444443 0.034994444444444495
20 0.11499999999999999 0.85375 0.02498809523809524 0.02248809523809514
20 0.115625 0.589375 0.023742977528089904 0.018742977528089844
15 0.06937499999999999 0.534375 0.023745098039215692 0.021245098039215704
08 0.741875 0.20937499999999998 0.06870689655172413 0.04870689655172414
20 0.515625 0.215625 0.04872844827586209 0.04372844827586206
10 0.6637500000000001 0.038125 0.039886363636363664 0.03363636363636363
05 0.6718785511363636 0.234375 0.038742897727272685 0.041235795454545476
03 0.415625 0.375 0.026219512195121975 0.03496951219512201
