07 0.30874999999999997 0.814375 0.07248355263157896 0.06623355263157893
11 0.28125 0.26375 0.06499161073825507 0.04749161073825503
08 0.641260775862069 0.42874999999999996 0.05997844827586207 0.05995689655172415
04 0.8175 0.39875000000000005 0.047494444444444284 0.034994444444444495
20 0.38187499999999996 0.56 0.036238095238095236 0.029988095238095203
20 0.8031250000000001 0.55125 0.04624297752808981 0.029992977528089826
09 0.3775 0.638125 0.052495098039215704 0.05124509803921573
13 0.6799999999999999 0.36375 0.20245689655172405 0.07995689655172411
14 0.303125 0.586875 0.06872844827586205 0.0587284482758621
03 0.604375 0.26937500000000003 0.061136363636363544 0.08363636363636368
