06 0.894375 0.11499999999999999 0.07873355263157888 0.09248355263157892
13 0.47124999999999995 0.85 0.10749161073825503 0.0949916107382549
12 0.924375 0.27625 0.07620689655172408 0.0749568965517241
03 0.335625 0.708125 0.04874444444444448 0.07124444444444444
04 0.471875 0.86625 0.058738095238095256 0.054988095238095114
00 0.7125 0.6018749999999999 0.049992977528089844 0.043742977528089866
01 0.35562499999999997 0.471875 0.051245098039215675 0.03624509803921572
20 0.15875 0.35562499999999997 0.06745689655172413 0.048706896551724166
03 0.201875 0.88 0.09872844827586208 0.1324784482758623
07 0.59375 0.871875 0.057386363636363624 0.09113636363636368
14 0.29874999999999996 0.44625000000000004 0.05498579545454546 0.08248579545454543
11 0.35375 0.954375 0.06746951219512198 0.051219512195122
11 0.9175 0.411875 0.06748214285714282 0.05373214285714284
