05 0.059375000000000004 0.813125 0.04123355263157895 0.01873355263157883
08 0.47375 0.9312499999999999 0.022491610738255008 0.049991610738254866
13 0.57125 0.701875 0.10745689655172408 0.0962068965517241
20 0.40625 0.555625 0.03499444444444455 0.036244444444444524
03 0.3025 0.581875 0.029988095238095258 0.041238095238095296
20 0.04625 0.369375 0.019992977528089886 0.021242977528089846
12 0.23625000000000002 0.22562500000000002 0.0474950980392157 0.03874509803921569
14 0.495625 0.175 0.03370689655172415 0.014956896551724136
05 0.134375 0.725 0.018728448275862064 0.042478448275862224
10 0.704375 0.25375000000000003 0.03113636363636374 0.029886363636363683
06 0.44562500000000005 0.16375 0.028735795454545465 0.03248579545454547
