06 0.6387541118421053 0.725625 0.07499177631578946 0.07873355263157888
06 0.8025 0.5825 0.069991610738255 0.024991610738255066
03 0.869375 0.9175 0.04120689655172405 0.03745689655172413
03 0.895 0.60375 0.012494444444444364 0.02499444444444454
14 0.13187500000000002 0.49812500000000004 0.013738095238095244 0.021238095238095334
04 0.044375 0.35875 0.028742977528089887 0.022492977528089875
18 0.345625 0.684375 0.0162450980392157 0.018745098039215757
10 0.27312499999999995 0.075 0.013706896551724135 0.014956896551724136
08 0.9775 0.208125 0.022478448275862206 0.03372844827586208
11 0.36875 0.185 0.0323863636363636 0.019886363636363646
15 0.114375 0.25375 0.03623579545454547 0.014985795454545453
08 0.7418826219512196 0.2675 0.046234756097561 0.019969512195121997
06 0.6799999999999999 0.4575 0.05248214285714281 0.07748214285714283
04 0.059375 0.8325 0.023737499999999995 0.01748749999999999
