04 0.31062500000000004 0.043125 0.018733552631578998 0.023733552631578954
20 0.20375 0.604375 0.019991610738255033 0.018741610738254977
18 0.79125 0.0725 0.019956896551724057 0.022456896551724143
18 0.8875 0.808125 0.014994444444444421 0.01874444444444434
03 0.455625 0.1925 0.02873809523809523 0.037488095238095265
01 0.795625 0.32999999999999996 0.0212429775280899 0.014992977528089868
12 0.4575 0.355 0.022495098039215677 0.0499950980392157
04 0.598125 0.40937500000000004 0.028706896551724093 0.028706896551724148
11 0.604375 0.380625 0.028728448275862073 0.02622844827586207
12 0.35062499999999996 0.35062499999999996 0.02613636363636357 0.031136363636363573
09 0.739375 0.6387499999999999 0.023735795454545405 0.022485795454545432
