03 0.343125 0.61875 0.018733552631578887 0.02498355263157892
03 0.708125 0.46875 0.016241610738254808 0.02999161073825507
00 0.70375 0.15 0.024956896551724173 0.024956896551724117
08 0.3987513888888889 0.270625 0.02999722222222223 0.02874444444444446
00 0.328125 0.2625 0.02873809523809523 0.03248809523809529
08 0.404375 0.339375 0.053742977528089875 0.028742977528089853
03 0.035 0.48875 0.054995098039215685 0.022495098039215677
03 0.95375 0.58375 0.024956896551724173 0.024956896551724173
08 0.480625 0.175 0.018728448275862064 0.06497844827586205
08 0.09809659090909091 0.2325 0.031193181818181814 0.06738636363636369
18 0.215625 0.08812500000000001 0.021235795454545486 0.02123579545454546
05 0.7575000000000001 0.42625 0.03746951219512196 0.019969512195121997
14 0.489375 0.651875 0.026232142857142815 0.05873214285714279
