18 0.79125 0.20375 0.022483552631578974 0.024983552631578948
15 0.77875 0.5081249999999999 0.01999161073825484 0.05374161073825501
03 0.241875 0.254375 0.02120689655172414 0.023706896551724116
09 0.7637499999999999 0.89625 0.02499444444444443 0.03249444444444438
02 0.8031250000000001 0.609375 0.023738095238095114 0.04373809523809524
12 0.84375 0.14687499999999998 0.06749297752808991 0.05374297752808986
08 0.8025 0.598125 0.024995098039215735 0.031245098039215713
06 0.396875 0.43562500000000004 0.08370689655172409 0.013706896551724135
15 0.43000000000000005 0.9125 0.04747844827586206 0.01997844827586226
15 0.673125 0.6018749999999999 0.02113636363636373 0.026136363636363513
04 0.5125000000000001 0.91875 0.032485795454545496 0.03248579545454533
00 0.386875 0.73125 0.03121951219512198 0.03246951219512206
20 0.3875 0.015000000000000001 0.02498214285714284 0.02498214285714286
14 0.27625 0.59125 0.027487499999999998 0.04248750000000001
