08 0.28374999999999995 0.258125 0.024983552631578976 0.02873355263157895
13 0.10750000000000001 0.688125 0.10749161073825504 0.031241610738254932
12 0.41812499999999997 0.98375 0.06620689655172413 0.029956896551724066
01 0.47375 0.34875 0.014994444444444532 0.009994444444444528
05 0.26375 0.048125 0.03248809523809526 0.018738095238095234
07 0.36 0.18875 0.029992977528089826 0.03499297752808983
04 0.911875 0.34750000000000003 0.023745098039215762 0.019995098039215675
06 0.104375 0.8612500000000001 0.02370689655172413 0.032456896551724124
15 0.578125 0.92875 0.026228448275862126 0.022478448275862206
10 0.288125 0.618125 0.028636363636363682 0.03113636363636363
09 0.986875 0.7381249999999999 0.023735795454545294 0.023735795454545294
11 0.56875 0.830625 0.03246951219512195 0.018719512195121912
15 0.40437500000000004 0.88875 0.023732142857142813 0.014982142857142833
