19 0.8175 0.56375 0.04998355263157883 0.03248355263157887
04 0.561875 0.685 0.056241610738255066 0.04499161073825497
14 0.400625 0.10375 0.028706896551724093 0.06995689655172413
03 0.6256249999999999 0.47624999999999995 0.09874444444444441 0.0399944444444445
20 0.36812500000000004 0.55 0.03373809523809529 0.02498809523809531
04 0.38125 0.510625 0.05499297752808985 0.05124297752808982
09 0.3974987745098039 0.39437500000000003 0.06499754901960786 0.041245098039215666
12 0.176875 0.105 0.07370689655172413 0.07495689655172413
18 0.5218750000000001 0.8418749999999999 0.036228448275862024 0.03872844827586219
18 0.7581249999999999 0.5175 0.036136363636363744 0.03738636363636355
