06 0.515625 0.06 0.02873355263157884 0.07248355263157893
13 0.7106250000000001 0.463125 0.13374161073825486 0.06624161073825507
03 0.5193749999999999 0.5231250000000001 0.01370689655172408 0.018706896551724195
06 0.613125 0.8225 0.03874444444444447 0.07249444444444442
10 0.017499999999999998 0.9512499999999999 0.019988095238095235 0.014988095238095078
03 0.416875 0.895 0.02624297752808985 0.019992977528089817
08 0.5 0.210625 0.007495098039215664 0.018745098039215702
03 0.079375 0.334375 0.07870689655172414 0.06370689655172412
04 0.14250000000000002 0.440625 0.03497844827586208 0.02372844827586207
03 0.223125 0.6525000000000001 0.01613636363636367 0.047386363636363726
03 0.7112499999999999 0.598125 0.04248579545454534 0.02873579545454552
03 0.125 0.068125 0.024969512195121946 0.02371951219512195
20 0.239375 0.1325 0.016232142857142834 0.012482142857142858
03 0.116875 0.7112499999999999 0.0487375 0.029987499999999945
