09 0.9199999999999999 0.734375 0.05248355263157889 0.06623355263157893
06 0.5918749999999999 0.6425 0.021241610738255035 0.03749161073825502
19 0.36625 0.27125 0.04745689655172414 0.03995689655172413
14 0.11562499999999999 0.7525 0.051244444444444454 0.05499444444444446
00 0.25187499999999996 0.079375 0.04123809523809524 0.04123809523809524
03 0.203125 0.190625 0.06624297752808983 0.01874297752808987
03 0.953125 0.453125 0.04874509803921567 0.04124509803921572
06 0.471875 0.281875 0.026249999999999996 0.13120689655172413
01 0.13 0.74125 0.024978448275862056 0.0174784482758622
06 0.9225000000000001 0.27375 0.014886363636363753 0.08488636363636368
05 0.15812500000000002 0.333125 0.038735795454545446 0.05373579545454543
06 0.954375 0.060617378048780486 0.05371951219512194 0.031234756097560976
12 0.37875000000000003 0.10500000000000001 0.052482142857142866 0.07748214285714285
16 0.32375 0.10125 0.05498750000000002 0.059987499999999985
