11 0.26375 0.31375 0.05248355263157897 0.05498355263157895
03 0.73 0.15999999999999998 0.04749161073825492 0.03749161073825505
03 0.10500000000000001 0.148125 0.10245689655172416 0.06620689655172414
19 0.05 0.78125 0.019994444444444447 0.03499444444444433
11 0.53 0.95625 0.05248809523809528 0.062488095238095176
01 0.295625 0.128125 0.048742977528089815 0.02874297752808988
03 0.565625 0.40375 0.08124509803921576 0.05499509803921565
01 0.835625 0.264375 0.06870689655172413 0.04620689655172411
11 0.889375 0.52875 0.0487284482758622 0.037478448275862
03 0.14500000000000002 0.791875 0.039886363636363636 0.05113636363636376
06 0.544375 0.6325000000000001 0.026235795454545463 0.14498579545454537
06 0.595 0.13875 0.029969512195122006 0.04496951219512196
