06 0.550625 0.25375000000000003 0.016233552631578885 0.012483552631578992
11 0.7275 0.67875 0.024991610738254955 0.022491610738254897
04 0.640625 0.6074999999999999 0.0237068965517242 0.022456896551724115
18 0.14375 0.791875 0.014994444444444449 0.016244444444444284
03 0.4475 0.1325 0.017488095238095247 0.03498809523809522
03 0.416875 0.91125 0.02624297752808985 0.01749297752808987
03 0.918125 0.354375 0.02624509803921571 0.028745098039215655
06 0.609375 0.3775 0.036206896551724155 0.06745689655172415
07 0.9112553879310344 0.823125 0.004989224137931014 0.028728448275862295
17 0.6475 0.745 0.022386363636363593 0.02488636363636365
14 0.1875 0.048125 0.01498579545454548 0.016235795454545454
14 0.7525 0.3675 0.024969512195122 0.01746951219512194
