01 0.213125 0.221875 0.043733552631578965 0.03123355263157898
18 0.9325 0.743125 0.03499161073825485 0.038741610738254884
06 0.185 0.301875 0.03745689655172413 0.0337068965517241
03 0.260625 0.369375 0.05624444444444443 0.04874444444444448
03 0.49687797619047613 0.646875 0.051244047619047606 0.07873809523809516
01 0.883125 0.33499999999999996 0.08124297752808984 0.04749297752808984
07 0.4375 0.26 0.052495098039215704 0.017495098039215673
03 0.9325 0.588125 0.057456896551724146 0.07120689655172407
03 0.924375 0.6118750000000001 0.07122844827586217 0.0587284482758621
08 0.401875 0.5925 0.0636363636363636 0.06738636363636363
03 0.36 0.5349999999999999 0.03998579545454545 0.04498579545454551
04 0.06 0.565625 0.047469512195121945 0.043719512195122046
11 0.18062499999999998 0.58 0.04873214285714286 0.03498214285714285
