03 0.34562499999999996 0.495625 0.05373355263157892 0.016233552631578885
15 0.901875 0.07875000000000001 0.03624161073825494 0.014991610738255043
13 0.740625 0.638125 0.036206896551724155 0.06620689655172407
14 0.20750000000000002 0.505625 0.03499444444444441 0.061244444444444435
12 0.8975 0.530625 0.04998809523809511 0.051238095238095305
19 0.6625 0.7175 0.019992977528089817 0.04249297752808989
04 0.7324999999999999 0.29875 0.032495098039215686 0.027495098039215682
03 0.058124999999999996 0.109375 0.02870689655172414 0.051206896551724126
12 0.615 0.44375 0.042478448275862 0.04497844827586206
03 0.683125 0.370625 0.013636363636363669 0.03613636363636358
