20 0.2925 0.80875 0.049983552631579 0.037483552631578876
06 0.21625209731543624 0.1875 0.02999580536912755 0.04999161073825503
00 0.176875 0.315625 0.05870689655172412 0.053706896551724115
03 0.5706249999999999 0.08625000000000002 0.06374444444444449 0.09999444444444447
06 0.8731249999999999 0.49 0.02623809523809506 0.049988095238095276
05 0.43062500000000004 0.378125 0.04624297752808987 0.05874297752808988
03 0.2975012254901961 0.44 0.04749754901960784 0.03749509803921569
20 0.260625 0.138125 0.03620689655172413 0.026206896551724146
12 0.05187499999999999 0.148125 0.06122844827586206 0.06372844827586206
08 0.2975 0.88 0.1848863636363636 0.06488636363636369
