01 0.53375 0.881875 0.02498355263157881 0.026233552631578894
06 0.9343770973154363 0.8668750000000001 0.031245805369127355 0.018741610738254866
12 0.596875 0.58875 0.043706896551724106 0.05245689655172403
12 0.6337499999999999 0.59625 0.029994444444444435 0.03499444444444444
20 0.106875 0.2575 0.011238095238095241 0.009988095238095296
14 0.355 0.70625 0.03249297752808983 0.02499297752808982
13 0.20625 0.330625 0.06999509803921569 0.08124509803921565
09 0.6837500000000001 0.8075 0.022456896551724115 0.024956896551724173
06 0.335 0.15875 0.05997844827586207 0.05747844827586207
20 0.254375 0.13625 0.013636363636363696 0.01238636363636364
05 0.675625 0.040624999999999994 0.03873579545454531 0.023735795454545454
03 0.593125 0.624375 0.043719512195121935 0.02121951219512197
05 0.38875 0.6974955357142858 0.039982142857142855 0.024991071428571376
