03 0.825 0.64625 0.047483552631578885 0.057483552631578894
13 0.295625 0.49812500000000004 0.09374161073825507 0.05624161073825512
04 0.9612499999999999 0.321875 0.04245689655172413 0.03870689655172416
20 0.743125 0.4575 0.02874444444444435 0.024994444444444486
03 0.2875 0.153125 0.01998809523809525 0.04373809523809524
03 0.775625 0.774375 0.0312429775280898 0.0837429775280899
09 0.9137500000000001 0.08374999999999999 0.02999509803921574 0.029995098039215698
01 0.31937499999999996 0.281875 0.01870689655172414 0.016206896551724137
03 0.868125 0.596875 0.026228448275862237 0.028728448275862073
03 0.305625 0.825 0.05613636363636365 0.05238636363636373
03 0.188125 0.369375 0.036235795454545444 0.04873579545454548
01 0.3175 0.4375 0.03496951219512201 0.024969512195122
03 0.51125 0.6656249999999999 0.0299821428571429 0.02123214285714281
