03 0.855 0.88125 0.017483552631578858 0.09998355263157888
11 0.6543749999999999 0.9225 0.06124161073825496 0.052491610738254924
06 0.81125 0.25687499999999996 0.14745689655172411 0.06120689655172412
02 0.10125 0.736875 0.024994444444444472 0.06624444444444444
12 0.8049999999999999 0.5025000000000001 0.10248809523809521 0.06498809523809529
09 0.15999999999999998 0.9275 0.04749297752808987 0.08499297752808976
10 0.65375 0.495625 0.04749509803921559 0.033745098039215715
20 0.41 0.7050000000000001 0.04245689655172413 0.04245689655172413
00 0.443125 0.71875 0.10122844827586208 0.07997844827586231
01 0.8556250000000001 0.355 0.06613636363636377 0.04238636363636361
18 0.30562500000000004 0.22375 0.03373579545454547 0.03748579545454547
