03 0.3675 0.598125 0.037483552631578876 0.01873355263157883
04 0.85125 0.3425 0.042491610738254915 0.04249161073825508
20 0.48875 0.4325 0.03495689655172418 0.024956896551724173
19 0.681875 0.15999999999999998 0.0362444444444443 0.032494444444444465
15 0.680625 0.393125 0.023738095238095114 0.04873809523809525
14 0.133125 0.6581250000000001 0.0487429775280899 0.05124297752808993
03 0.15375 0.5406249999999999 0.0624950980392157 0.031245098039215713
10 0.8768750000000001 0.813125 0.0337068965517241 0.03370689655172421
03 0.540625 0.47062499999999996 0.05122844827586204 0.071228448275862
03 0.403125 0.1125 0.09613636363636358 0.037386363636363634
