15 0.040624999999999994 0.11625 0.06373355263157894 0.029983552631578952
04 0.3175 0.411875 0.027491610738255012 0.02624161073825504
01 0.8075 0.686875 0.03495689655172418 0.0237068965517242
14 0.78375 0.9125 0.04499444444444445 0.04499444444444434
12 0.39437500000000003 0.92625 0.036238095238095236 0.037488095238095154
03 0.5393749999999999 0.074375 0.04124297752808992 0.031242977528089882
10 0.199375 0.503125 0.02874509803921571 0.018745098039215702
04 0.43125 0.919375 0.034956896551724126 0.03120689655172415
11 0.531875 0.916875 0.04122844827586203 0.03372844827586219
06 0.694375 0.71875 0.1061363636363638 0.03738636363636383
03 0.06 0.9025000000000001 0.01998579545454545 0.012485795454545312
10 0.36187499999999995 0.376875 0.03371951219512198 0.02121951219512197
13 0.696875 0.845 0.053732142857142895 0.07748214285714283
