17 0.92875 0.445 0.039983552631578934 0.04248355263157888
20 0.895 0.86 0.024991610738254844 0.022491610738254897
09 0.7268749999999999 0.3525 0.0337068965517241 0.04745689655172414
03 0.28125 0.04875 0.019994444444444426 0.034994444444444446
13 0.628125 0.406875 0.08123809523809522 0.04373809523809524
11 0.0375 0.186875 0.034992977528089886 0.03624297752808983
12 0.21437499999999998 0.1425 0.041245098039215694 0.047495098039215686
12 0.29312499999999997 0.348125 0.041206896551724104 0.04370689655172416
14 0.673125 0.655625 0.03122844827586224 0.02372844827586218
20 0.15375 0.17625000000000002 0.027386363636363653 0.017386363636363672
