19 0.98875 0.94875 0.014983552631578911 0.02498355263157892
06 0.0675 0.20937290268456377 0.06999161073825505 0.02874580536912752
04 0.755 0.961875 0.022456896551724226 0.02120689655172414
03 0.5237499999999999 0.83125 0.01749444444444459 0.057494444444444404
20 0.628125 0.46187500000000004 0.008738095238095211 0.008738095238095267
04 0.7150000000000001 0.48625 0.022492977528089875 0.022492977528089875
13 0.12375 0.395 0.02499509803921568 0.05999509803921571
06 0.380635775862069 0.861875 0.041228448275862084 0.05620689655172406
03 0.628125 0.45625 0.021228448275862122 0.024978448275862042
06 0.190625 0.47562499999999996 0.031136363636363656 0.046136363636363587
07 0.41000355113636366 0.196875 0.029992897727272705 0.02123579545454546
14 0.18312499999999998 0.905625 0.021219512195121998 0.028719512195122032
11 0.23062500000000002 0.074375 0.02123214285714284 0.01873214285714285
03 0.161875 0.968125 0.02123750000000002 0.03123750000000003
