01 0.041875 0.963125 0.018733552631578956 0.01873355263157883
08 0.5175000000000001 0.61625 0.022491610738255008 0.034991610738255075
06 0.5800000000000001 0.685 0.022456896551724115 0.0749568965517241
18 0.9475 0.518125 0.019994444444444426 0.02124444444444451
08 0.659375 0.7637499999999999 0.01623809523809505 0.034988095238095096
08 0.0675 0.770625 0.01249297752808988 0.016242977528089897
03 0.2675 0.118125 0.017495098039215673 0.028745098039215683
13 0.3675 0.60375 0.04745689655172414 0.10995689655172414
05 0.5449999999999999 0.2175 0.022478448275862095 0.024978448275862042
01 0.30625 0.90125 0.019886363636363702 0.019886363636363757
04 0.116875 0.020624999999999998 0.026235795454545477 0.016235795454545454
14 0.1075 0.14500000000000002 0.022469512195121943 0.03246951219512195
14 0.62875 0.071875 0.014982142857142833 0.023732142857142854
