06 0.3425 0.53 0.06748355263157896 0.18998355263157896
00 0.2375 0.07500000000000001 0.052491610738255035 0.03499161073825503
00 0.70375 0.2325 0.04495689655172419 0.034956896551724126
19 0.53375 0.6799999999999999 0.019994444444444537 0.029994444444444324
06 0.435 0.46125 0.05998809523809523 0.17498809523809522
02 0.09874824438202247 0.544375 0.06499648876404493 0.05624297752808982
08 0.02375 0.495625 0.032495098039215686 0.08874509803921571
08 0.040625 0.5918749999999999 0.07120689655172414 0.018706896551724195
04 0.3375 0.628125 0.062478448275862075 0.0437284482758622
20 0.7975 0.8574999999999999 0.03488636363636366 0.024886363636363762
06 0.379375 0.35875 0.08373579545454546 0.02498579545454549
04 0.5375 0.9493750000000001 0.05996951219512203 0.056219512195122
02 0.495 0.7181249999999999 0.05998214285714282 0.09373214285714282
03 0.755625 0.690625 0.1112375000000001 0.043737500000000096
