03 0.6893791118421053 0.30062500000000003 0.038741776315789456 0.03373355263157901
05 0.0675 0.453125 0.014991610738255036 0.028741610738255097
20 0.238125 0.74875 0.02120689655172414 0.014956896551724164
15 0.49124999999999996 0.415625 0.01249444444444453 0.02624444444444446
04 0.820625 0.040625 0.028738095238095118 0.02623809523809523
03 0.431875 0.283125 0.031242977528089855 0.043742977528089866
03 0.42 0.25875000000000004 0.022495098039215677 0.03499509803921569
10 0.44437499999999996 0.780625 0.013706896551724135 0.016206896551724137
10 0.484375 0.905 0.02122844827586201 0.0174784482758622
18 0.584375 0.2975 0.016136363636363615 0.019886363636363646
10 0.041249999999999995 0.09875 0.039985795454545454 0.03748579545454546
01 0.08875 0.92375 0.01496951219512195 0.009969512195121988
12 0.674375 0.494375 0.04623214285714283 0.053732142857142895
14 0.299375 0.534375 0.02123750000000002 0.018737499999999963
