07 0.9150041118421053 0.798125 0.06999177631578946 0.06873355263157888
08 0.225625 0.37812500000000004 0.04874161073825506 0.04874161073825506
18 0.38625 0.641875 0.024956896551724117 0.028706896551724093
03 0.948125 0.9675 0.0362444444444443 0.04499444444444434
08 0.83375 0.87 0.01498809523809519 0.05998809523809512
10 0.51375 0.389375 0.03999297752808989 0.038742977528089806
08 0.8943749999999999 0.558125 0.02374509803921565 0.0787450980392157
19 0.9137500000000001 0.640625 0.019956896551724168 0.026206896551724146
10 0.8768750000000001 0.07625 0.03872844827586219 0.027478448275862072
07 0.868125 0.44875 0.04613636363636375 0.014886363636363587
14 0.42875 0.63625 0.05248579545454546 0.05248579545454546
03 0.49625 0.811875 0.024969512195122 0.03121951219512198
20 0.964375 0.70375 0.03123214285714282 0.022482142857142895
03 0.62875 0.3725 0.019987500000000047 0.06998749999999998
