00 0.5425 0.045625 0.03248355263157887 0.023733552631578954
11 0.479375 0.41375 0.03624161073825505 0.02999161073825507
04 0.841875 0.438125 0.036206896551724155 0.03120689655172415
17 0.133125 0.455625 0.036244444444444454 0.03874444444444447
06 0.52125 0.95 0.012488095238095243 0.034988095238095096
05 0.196875 0.659375 0.031242977528089855 0.04124297752808992
04 0.7949999999999999 0.36875 0.03999509803921575 0.022495098039215733
03 0.7775 0.838125 0.04745689655172414 0.04370689655172422
08 0.92625 0.18374461206896553 0.03997844827586228 0.047489224137931024
20 0.7949999999999999 0.24875 0.0173863636363637 0.01238636363636364
03 0.38125 0.8981250000000001 0.02998579545454544 0.04623579545454526
14 0.638125 0.96 0.018719512195121912 0.03746951219512196
