14 0.7887500000000001 0.7562500000000001 0.01748355263157897 0.05248355263157889
07 0.254375 0.08812500000000001 0.02874161073825504 0.02874161073825504
12 0.16562500000000002 0.499375 0.04120689655172413 0.03370689655172421
03 0.739375 0.423125 0.05374444444444437 0.02624444444444446
11 0.660625 0.479375 0.023738095238095114 0.021238095238095278
14 0.046875 0.421875 0.021242977528089887 0.06624297752808983
02 0.231875 0.18312499999999998 0.023745098039215706 0.031245098039215685
05 0.5662499999999999 0.259375 0.019956896551724168 0.031206896551724095
04 0.484375 0.889375 0.02372844827586207 0.02372844827586218
08 0.9156249999999999 0.596875 0.08863636363636374 0.011136363636363611
13 0.16562500000000002 0.8075 0.06623579545454547 0.04998579545454529
03 0.10625 0.036875 0.024969512195121946 0.01871951219512195
