14 0.779375 0.333125 0.016233552631578885 0.04123355263157896
03 0.203125 0.808125 0.018741610738255032 0.026241610738254928
20 0.330625 0.8574999999999999 0.023706896551724088 0.022456896551724115
15 0.355 0.314375 0.014994444444444477 0.02874444444444446
01 0.23249999999999998 0.8981250000000001 0.014988095238095273 0.013738095238095105
14 0.306875 0.169375 0.02624297752808985 0.02874297752808988
03 0.931875 0.71125 0.03624509803921572 0.03749509803921569
08 0.095625 0.41125 0.016206896551724137 0.04745689655172414
13 0.5331250000000001 0.03749999999999999 0.036228448275862024 0.034978448275862065
02 0.1725 0.335625 0.017386363636363672 0.018636363636363562
06 0.3781285511363636 0.916875 0.056242897727272756 0.0287357954545453
03 0.061875 0.16812500000000002 0.03621951219512195 0.023719512195121945
