14 0.31 0.273125 0.039983552631578934 0.08123355263157897
03 0.47125 0.6287499999999999 0.02999161073825507 0.06249161073825504
09 0.819375 0.41374999999999995 0.06370689655172412 0.024956896551724117
03 0.16749999999999998 0.84375 0.062494444444444436 0.06999444444444425
15 0.26249999999999996 0.503125 0.024988095238095254 0.05373809523809531
04 0.675 0.8775 0.057492977528089795 0.0524929775280899
03 0.5587500000000001 0.330625 0.05499509803921565 0.04374509803921567
04 0.41625 0.666875 0.04995689655172414 0.04870689655172411
01 0.6125 0.708125 0.05247844827586212 0.053728448275862206
16 0.28125 0.9525 0.04488636363636367 0.07238636363636375
18 0.104375 0.263125 0.031235795454545467 0.0337357954545455
18 0.06875 0.81375 0.03496951219512194 0.03746951219512196
05 0.4325044642857143 0.136875 0.0524910714285714 0.03873214285714287
09 0.1525 0.164375 0.05498750000000002 0.026237500000000025
