10 0.421875 0.579375 0.02123355263157889 0.023733552631578947
01 0.5862499999999999 0.6699999999999999 0.024991610738254955 0.017491610738254892
01 0.21687499999999998 0.849375 0.01870689655172411 0.018706896551724084
03 0.540625 0.2375 0.018744444444444452 0.019994444444444426
08 0.9606250000000001 0.3175 0.01873809523809522 0.03498809523809526
15 0.355 0.8318749999999999 0.012492977528089866 0.026242977528089795
20 0.3325 0.455625 0.022495098039215677 0.021245098039215704
20 0.975625 0.843125 0.016206896551724137 0.01370689655172419
09 0.06562499999999999 0.78125 0.02872844827586206 0.01997844827586226
03 0.28500000000000003 0.43000000000000005 0.03238636363636366 0.03988636363636361
10 0.24875 0.8375 0.022485795454545487 0.017485795454545316
