20 0.90875 0.849375 0.0149835526315788 0.011233552631578991
10 0.35 0.596875 0.01749161073825506 0.018741610738255088
12 0.248125 0.8731249999999999 0.023706896551724144 0.028706896551724204
11 0.6524999999999999 0.304375 0.02499444444444443 0.016244444444444395
06 0.9075 0.561875 0.019988095238095083 0.021238095238095278
03 0.921875 0.8768750000000001 0.026242977528089906 0.016242977528089786
03 0.84375 0.458125 0.027495098039215682 0.02624509803921571
14 0.11812500000000001 0.934375 0.04120689655172412 0.02120689655172414
06 0.129375 0.0875 0.036228448275862066 0.08247844827586207
20 0.889375 0.0375 0.018636363636363784 0.019886363636363633
01 0.31875 0.32875 0.012485795454545479 0.009985795454545476
20 0.5825 0.011875000000000002 0.01746951219512205 0.018719512195121954
