09 0.105625 0.786875 0.04123355263157895 0.0362335526315789
20 0.6799999999999999 0.4775 0.01999161073825484 0.01999161073825506
18 0.113125 0.8431249999999999 0.018706896551724125 0.02120689655172414
20 0.5943750000000001 0.19437500000000002 0.02124444444444451 0.016244444444444422
19 0.755625 0.9081250000000001 0.023738095238095114 0.023738095238095114
06 0.08 0.234375 0.02999297752808988 0.01374297752808984
03 0.18625 0.521875 0.027495098039215682 0.013745098039215753
01 0.54375 0.02375 0.022456896551724115 0.022456896551724143
11 0.14875 0.529375 0.019978448275862065 0.028728448275862073
03 0.7093750000000001 0.07250000000000001 0.016136363636363726 0.02738636363636364
06 0.979375 0.17375000000000002 0.023735795454545405 0.014985795454545453
15 0.490625 0.568125 0.018719512195121968 0.018719512195122023
06 0.521875 0.6725 0.0687321428571428 0.032482142857142904
