06 0.9293750000000001 0.380625 0.131233552631579 0.08123355263157889
02 0.639375 0.764375 0.038741610738254884 0.0587416107382549
14 0.725625 0.8518749999999999 0.046206896551724164 0.05120689655172417
19 0.763125 0.921875 0.051244444444444315 0.04874444444444426
08 0.08875 0.750625 0.049988095238095234 0.03873809523809513
10 0.724375 0.276875 0.036242977528089915 0.031242977528089855
01 0.3875 0.43062500000000004 0.032495098039215686 0.02874509803921571
00 0.888125 0.435625 0.03120689655172415 0.03120689655172415
06 0.3325 0.3624946120689655 0.07997844827586204 0.024989224137931032
20 0.24875 0.443125 0.03238636363636366 0.026136363636363624
15 0.583125 0.035 0.04373579545454542 0.047485795454545454
20 0.31125 0.971875 0.03746951219512201 0.03871951219512193
01 0.5325 0.33999999999999997 0.047482142857142806 0.0399821428571428
