13 0.03875000000000001 0.191875 0.05998355263157896 0.06123355263157898
04 0.891875 0.49875 0.026241610738254928 0.027491610738255068
01 0.395625 0.700625 0.018706896551724084 0.018706896551724195
10 0.24625 0.044375 0.017494444444444424 0.018744444444444446
18 0.853125 0.26749999999999996 0.016238095238095163 0.01998809523809525
20 0.92875 0.73125 0.019992977528089817 0.014992977528089813
18 0.535625 0.2 0.013745098039215753 0.0174950980392157
01 0.4275 0.645625 0.014956896551724164 0.01370689655172419
12 0.825625 0.209375 0.021228448275862122 0.02372844827586207
04 0.1 0.43875 0.014886363636363628 0.014886363636363587
01 0.459375 0.5275000000000001 0.018735795454545456 0.017485795454545427
14 0.48375 0.51875 0.017469512195121994 0.01746951219512194
03 0.340625 0.7731250000000001 0.018732142857142864 0.013732142857142748
03 0.22625 0.083125 0.034987500000000005 0.04123750000000001
