03 0.47375 0.59 0.05498355263157895 0.02498355263157892
20 0.674375 0.825 0.013741610738254972 0.012491610738254888
03 0.234375 0.9918857758620689 0.036206896551724155 0.016228448275862117
01 0.25 0.66875 0.01749444444444445 0.014994444444444421
06 0.774375 0.545625 0.016238095238095163 0.033738095238095234
04 0.925 0.41000000000000003 0.027492977528089768 0.02999297752808988
08 0.63125 0.030000000000000002 0.034995098039215744 0.03749509803921569
15 0.463125 0.928125 0.026206896551724146 0.018706896551724084
08 0.218125 0.903125 0.031228448275862047 0.026228448275862237
14 0.9456249999999999 0.31062499999999993 0.036136363636363744 0.038636363636363635
05 0.643125 0.515625 0.031235795454545467 0.02123579545454546
