07 0.12687500000000002 0.12125 0.07623355263157895 0.07248355263157895
01 0.635 0.14750000000000002 0.042491610738255026 0.04749161073825506
03 0.460625 0.23125 0.053706896551724115 0.06995689655172413
11 0.6656249999999999 0.27249999999999996 0.05624444444444443 0.06499444444444441
06 0.5418779761904762 0.6856249999999999 0.2137440476190477 0.01623809523809505
03 0.8187500000000001 0.734375 0.07499297752808987 0.026242977528089906
04 0.226875 0.439375 0.05374509803921568 0.04374509803921567
11 0.7849999999999999 0.584375 0.05245689655172414 0.061206896551724066
15 0.781875 0.27875 0.053728448275862206 0.09747844827586205
10 0.7831250000000001 0.08625 0.07863636363636373 0.06988636363636364
10 0.12375 0.106875 0.049985795454545456 0.04623579545454547
