06 0.7925 0.463125 0.11498355263157889 0.061233552631578925
03 0.653125 0.10812500000000001 0.038741610738254995 0.06624161073825505
07 0.958135775862069 0.6012500000000001 0.026228448275862015 0.03495689655172407
15 0.625 0.764375 0.039994444444444444 0.01124444444444439
01 0.808125 0.213125 0.028738095238095118 0.028738095238095257
07 0.46 0.250625 0.05999297752808985 0.041242977528089864
07 0.8262499999999999 0.125625 0.052495098039215704 0.08124509803921569
02 0.14750000000000002 0.106875 0.022456896551724143 0.05120689655172411
06 0.5725 0.40625 0.08747844827586215 0.03497844827586205
08 0.060000000000000005 0.276875 0.054886363636363636 0.018636363636363673
10 0.641875 0.30000000000000004 0.03623579545454536 0.022485795454545487
10 0.275 0.54125 0.017469512195121994 0.019969512195121997
20 0.6325000000000001 0.32875 0.0274821428571429 0.02248214285714284
