07 0.7625 0.5368708881578947 0.029983552631578925 0.021241776315789496
03 0.061875000000000006 0.313125 0.04124161073825504 0.033741610738255046
20 0.4325 0.554375 0.022456896551724115 0.016206896551724137
04 0.45125 0.370625 0.022494444444444484 0.018744444444444508
06 0.458125 0.574375 0.06873809523809526 0.06373809523809526
11 0.159375 0.6481250000000001 0.028742977528089853 0.03124297752808991
20 0.19187500000000002 0.1525 0.021245098039215676 0.01499509803921567
04 0.38687499999999997 0.860625 0.02620689655172409 0.026206896551724146
01 0.198125 0.0725 0.02622844827586207 0.02247844827586206
06 0.32877840909090905 0.82375 0.02994318181818184 0.06488636363636369
04 0.863125 0.20625 0.026235795454545352 0.02248579545454546
