05 0.263125 0.8712500000000001 0.018733552631578942 0.039983552631578934
08 0.012499999999999999 0.708125 0.022491610738255032 0.038741610738254995
03 0.714375 0.35 0.026206896551724146 0.10745689655172413
08 0.843125 0.296875 0.0212444444444444 0.04624444444444442
14 0.9800029761904763 0.0375 0.03749404761904762 0.06248809523809524
10 0.565 0.131875 0.022492977528089875 0.02374297752808989
06 0.169375 0.474375 0.0162450980392157 0.031245098039215713
04 0.7418750000000001 0.7925 0.0337068965517241 0.029956896551724066
06 0.7106250000000001 0.26187499999999997 0.05122844827586215 0.06872844827586205
00 0.404375 0.43937499999999996 0.03863636363636358 0.04113636363636358
14 0.608125 0.795625 0.02873579545454552 0.048735795454545316
06 0.63 0.614375 0.04496951219512191 0.04621951219512188
20 0.9624999999999999 0.3775 0.029982142857142846 0.02498214285714284
