10 0.05 0.670625 0.01498355263157896 0.013733552631578938
08 0.926875 0.375 0.013741610738254861 0.02999161073825507
03 0.58875 0.89625 0.009956896551724048 0.012456896551724217
20 0.985625 0.02625 0.01124444444444439 0.009994444444444445
08 0.486875 0.329375 0.016238095238095274 0.008738095238095267
03 0.73 0.75625 0.022492977528089875 0.0474929775280899
15 0.45687500000000003 0.89 0.008745098039215693 0.027495098039215682
14 0.42625 0.6387499999999999 0.01745689655172411 0.02495689655172406
03 0.814375 0.933125 0.053728448275862206 0.018728448275862175
06 0.65625 0.300625 0.019886363636363757 0.013636363636363669
13 0.450625 0.8456250000000001 0.031235795454545467 0.04623579545454526
18 0.850625 0.24312499999999998 0.013719512195122019 0.016219512195121966
08 0.639375 0.969375 0.02123214285714281 0.016232142857142806
