06 0.4925 0.900625 0.04998355263157894 0.043733552631578965
15 0.1925 0.35875 0.022491610738255063 0.027491610738255068
04 0.53125 0.14250000000000002 0.02745689655172412 0.02995689655172415
06 0.666875 0.14437499999999998 0.023744444444444346 0.07624444444444443
11 0.065 0.823125 0.029988095238095237 0.01873809523809511
11 0.504375 0.125625 0.0337429775280898 0.018742977528089885
00 0.974375 0.5725 0.011245098039215695 0.01249509803921578
03 0.620625 0.5543750000000001 0.011206896551724133 0.03120689655172415
16 0.21625 0.955625 0.027478448275862044 0.0337284482758623
05 0.83875 0.0225 0.022386363636363704 0.039886363636363636
06 0.86875 0.190625 0.04748579545454534 0.05623579545454546
03 0.41375 0.186875 0.03246951219512195 0.036219512195121956
03 0.8625 0.25375000000000003 0.03498214285714285 0.05998214285714282
