03 0.87625 0.906875 0.04248355263157888 0.02873355263157884
06 0.5375000000000001 0.34187500000000004 0.022491610738255008 0.06624161073825502
18 0.499375 0.9299999999999999 0.016206896551724137 0.019956896551724168
20 0.48750000000000004 0.22562500000000002 0.014994444444444477 0.016244444444444422
12 0.05875 0.070625 0.027488095238095228 0.04373809523809523
03 0.8843767556179776 0.483125 0.02124648876404489 0.01624297752808984
06 0.769375 0.54375 0.006245098039215691 0.04499509803921564
05 0.31437499999999996 0.735 0.01870689655172414 0.01745689655172411
18 0.420625 0.6793750000000001 0.013728448275862115 0.01622844827586223
14 0.5487500000000001 0.7024999999999999 0.0323863636363636 0.06738636363636374
03 0.19312855113636362 0.2025 0.023742897727272727 0.024985795454545462
08 0.184375 0.494375 0.028719512195121977 0.03871951219512204
12 0.26125 0.8125 0.03248214285714285 0.029982142857142735
06 0.28812499999999996 0.486875 0.056237499999999996 0.04873749999999999
