15 0.5856250000000001 0.543125 0.02873355263157895 0.0362335526315789
20 0.850625 0.159375 0.03374161073825488 0.023741610738255065
07 0.27625 0.856875 0.024956896551724173 0.09370689655172415
20 0.215 0.18375 0.029994444444444435 0.027494444444444432
11 0.198125 0.515625 0.04123809523809527 0.02623809523809517
03 0.094375 0.7575 0.013742977528089895 0.049992977528089844
20 0.680625 0.733125 0.028745098039215655 0.018745098039215646
11 0.759375 0.33375 0.036206896551724155 0.03745689655172413
01 0.403125 0.111875 0.03872844827586208 0.03872844827586208
05 0.334375 0.4 0.023636363636363622 0.03988636363636361
06 0.285625 0.8787499999999999 0.008735795454545447 0.08498579545454532
