14 0.5275 0.24375 0.05498355263157895 0.04748355263157894
12 0.769375 0.85625 0.09624161073825488 0.07749161073825495
10 0.51875 0.7325 0.05245689655172414 0.03745689655172413
03 0.31562500000000004 0.293125 0.07874444444444445 0.061244444444444435
03 0.701875 0.06625 0.028738095238095118 0.03248809523809524
03 0.195 0.23562499999999997 0.029992977528089854 0.04874297752808984
11 0.3 0.9550000000000001 0.0474950980392157 0.032495098039215686
06 0.345 0.73 0.024956896551724117 0.16495689655172407
03 0.38687499999999997 0.27875 0.021228448275862066 0.13997844827586203
07 0.5718749999999999 0.46499999999999997 0.0636363636363636 0.03738636363636355
10 0.88125 0.3775 0.03998579545454528 0.03248579545454544
