06 0.725625 0.9762500000000001 0.0362335526315789 0.027483552631578978
02 0.234375 0.195625 0.08124161073825506 0.023741610738255037
13 0.38375000000000004 0.82375 0.06495689655172415 0.05995689655172409
05 0.6174999999999999 0.819375 0.029994444444444546 0.051244444444444315
06 0.441875 0.5968720238095238 0.12623809523809526 0.11374404761904755
20 0.67125 0.81125 0.0474929775280899 0.03749297752808989
20 0.765 0.538125 0.027495098039215682 0.028745098039215655
02 0.33125 0.14625 0.08495689655172411 0.04495689655172412
05 0.850625 0.583125 0.03872844827586219 0.05122844827586204
12 0.601875 0.15125 0.0686363636363636 0.059886363636363654
11 0.795625 0.790625 0.05373579545454532 0.0287357954545453
04 0.4575 0.6074999999999999 0.04246951219512196 0.03746951219512196
20 0.9225 0.515625 0.0374821428571428 0.03373214285714288
