07 0.936875 0.42374999999999996 0.008733552631578823 0.027483552631578922
02 0.9612499999999999 0.209375 0.04499161073825497 0.021241610738255035
07 0.59125 0.478125 0.014956896551724053 0.03370689655172415
15 0.8556250000000001 0.065 0.02874444444444435 0.037494444444444455
13 0.935 0.103125 0.07248809523809518 0.03123809523809523
14 0.226875 0.08 0.01624297752808984 0.034992977528089886
06 0.5937512254901961 0.07500000000000001 0.017497549019607872 0.024995098039215694
03 0.0775 0.521875 0.04245689655172414 0.018706896551724084
08 0.971875 0.084375 0.018728448275862175 0.023728448275862055
11 0.113125 0.688125 0.023636363636363636 0.023636363636363678
03 0.055625 0.13375 0.021235795454545445 0.042485795454545464
03 0.9456326219512194 0.680625 0.006234756097560967 0.018719512195121912
