19 0.229375 0.790625 0.04123355263157896 0.02873355263157884
03 0.443125 0.68625 0.02874161073825504 0.07499161073825489
20 0.90125 0.335625 0.029956896551724066 0.03120689655172415
03 0.5331250000000001 0.52625 0.061244444444444546 0.057494444444444515
14 0.071875 0.070625 0.03373809523809523 0.04873809523809523
08 0.19624999999999998 0.31875 0.019992977528089845 0.01249297752808981
14 0.5449999999999999 0.9575 0.024995098039215624 0.01999509803921562
03 0.77625 0.35375 0.0699568965517241 0.0649568965517241
18 0.47375 0.47625 0.022478448275862095 0.024978448275862042
10 0.78125 0.443125 0.03238636363636371 0.02863636363636357
14 0.963125 0.6537499999999999 0.023735795454545405 0.03248579545454544
05 0.37875000000000003 0.789375 0.03246951219512201 0.02121951219512197
