20 0.8831249999999999 0.7618750000000001 0.033733552631578845 0.033733552631578845
03 0.660625 0.299375 0.018741610738254977 0.02624161073825504
03 0.90625 0.08124999999999999 0.03745689655172413 0.027456896551724133
05 0.49312500000000004 0.31625000000000003 0.018744444444444508 0.03249444444444444
06 0.38375000000000004 0.258125 0.022488095238095307 0.07873809523809527
07 0.474375 0.29625 0.021242977528089846 0.02749297752808988
12 0.35875 0.11 0.0474950980392157 0.05999509803921568
05 0.96375 0.83125 0.019956896551724057 0.02745689655172412
09 0.308125 0.6675 0.03372844827586208 0.03747844827586222
11 0.7424999999999999 0.783125 0.02738636363636371 0.02113636363636373
