03 0.5918749999999999 0.763125 0.04123355263157891 0.02873355263157895
13 0.5356270973154362 0.231875 0.09374580536912752 0.10874161073825506
18 0.20124999999999998 0.4175 0.022456896551724143 0.024956896551724117
15 0.48687499999999995 0.490625 0.03624444444444447 0.05374444444444454
15 0.815625 0.765625 0.028738095238095118 0.03623809523809518
01 0.375625 0.474375 0.031242977528089855 0.02624297752808985
08 0.430625 0.8743749999999999 0.011245098039215695 0.11624509803921568
03 0.0975 0.353125 0.049956896551724125 0.05370689655172417
03 0.075625 0.961875 0.031228448275862068 0.028728448275862184
15 0.275625 0.69375 0.018636363636363673 0.029886363636363766
