03 0.388125 0.63 0.0362335526315789 0.022483552631578974
03 0.3 0.38687499999999997 0.02999161073825507 0.026241610738255094
04 0.9081250000000001 0.989375 0.018706896551724195 0.016206896551724137
03 0.895625 0.6299999999999999 0.01124444444444439 0.02499444444444443
08 0.565 0.376875 0.009988095238095185 0.031238095238095287
03 0.489375 0.505625 0.01374297752808984 0.02124297752808979
14 0.354375 0.8218749999999999 0.028745098039215655 0.031245098039215713
07 0.025 0.10375000000000001 0.01495689655172414 0.029956896551724135
19 0.084375 0.47125 0.026228448275862057 0.014978448275862033
06 0.36875 0.353125 0.037386363636363606 0.04113636363636358
03 0.51875 0.10812500000000001 0.02498579545454549 0.06373579545454547
