20 0.815625 0.85875 0.018733552631578942 0.014983552631578911
03 0.46250209731543623 0.03 0.017495805369127537 0.052491610738255035
06 0.345 0.39875 0.014956896551724108 0.08245689655172417
03 0.2625013888888889 0.49125 0.034997222222222235 0.022494444444444484
03 0.291875 0.476875 0.021238095238095278 0.03873809523809524
06 0.16 0.23875 0.01749297752808987 0.03249297752808983
05 0.494375 0.329375 0.023745098039215762 0.033745098039215715
07 0.905625 0.72 0.06620689655172418 0.04245689655172413
06 0.433125 0.693125 0.0562284482758621 0.05622844827586215
14 0.948125 0.76 0.0386363636363638 0.03488636363636366
