09 0.621875 0.43374999999999997 0.0937335526315789 0.07998355263157891
04 0.6343749999999999 0.343125 0.06624161073825496 0.07374161073825503
13 0.74 0.18875 0.08995689655172412 0.15995689655172413
04 0.45625000000000004 0.55125 0.05999444444444452 0.057494444444444515
03 0.48687499999999995 0.373125 0.06123809523809526 0.07373809523809527
12 0.6475 0.85625 0.11749297752808985 0.06499297752808986
02 0.29312499999999997 0.6481250000000001 0.04874509803921573 0.11874509803921562
20 0.8968750000000001 0.25 0.053706896551724115 0.034956896551724154
18 0.369375 0.08 0.04622844827586203 0.049978448275862064
10 0.04375 0.6018749999999999 0.059886363636363626 0.04613636363636353
03 0.8600000000000001 0.8775 0.03248579545454533 0.10748579545454529
03 0.18 0.27875 0.07496951219512196 0.09996951219512196
03 0.14687499999999998 0.413125 0.03373214285714285 0.04623214285714283
