18 0.648125 0.128125 0.026233552631578894 0.028733552631578937
06 0.8574999999999999 0.71625 0.059991610738254875 0.04749161073825492
10 0.8518749999999999 0.109375 0.028706896551724204 0.02870689655172412
18 0.734375 0.273125 0.026244444444444293 0.02874444444444446
13 0.9575 0.24062500000000003 0.06998809523809513 0.12123809523809528
04 0.7181249999999999 0.941875 0.043742977528089866 0.028742977528089853
03 0.3381237745098039 0.97125 0.03374754901960786 0.032495098039215686
06 0.53 0.8943749999999999 0.029956896551724177 0.02120689655172414
05 0.5375000000000001 0.464375 0.024978448275862042 0.048728448275862035
07 0.826875 0.746875 0.03113636363636374 0.05113636363636376
