12 0.385 0.669375 0.04498355263157894 0.04873355263157897
00 0.110625 0.6399999999999999 0.03874161073825505 0.034991610738254963
06 0.31873922413793104 0.885 0.019978448275862037 0.04245689655172413
07 0.17625 0.8143750000000001 0.052494444444444455 0.041244444444444306
08 0.76375 0.908125 0.06998809523809513 0.028738095238095118
19 0.508125 0.92125 0.0187429775280899 0.039992977528089835
07 0.5081249999999999 0.850625 0.07624509803921564 0.021245098039215704
03 0.858125 0.704375 0.03120689655172415 0.043706896551724106
10 0.170625 0.516875 0.028728448275862073 0.03122844827586202
10 0.733125 0.369375 0.04113636363636375 0.03113636363636363
10 0.11125 0.41875 0.03248579545454547 0.019985795454545485
08 0.084375 0.598125 0.03621951219512194 0.04621951219512199
