06 0.8675 0.25625 0.057483552631578894 0.049983552631579
20 0.64375 0.365625 0.012491610738254999 0.011241610738255081
07 0.070625 0.8262499999999999 0.043706896551724134 0.049956896551724195
20 0.23062500000000002 0.44875 0.016244444444444422 0.01749444444444448
11 0.28375 0.5025 0.02248809523809525 0.01998809523809525
03 0.274375 0.42625 0.03374297752808986 0.019992977528089872
20 0.92 0.375625 0.027495098039215682 0.02874509803921571
03 0.766875 0.3025 0.018706896551724084 0.02745689655172412
08 0.381875 0.32875 0.008728448275862055 0.01747844827586209
08 0.205625 0.0675 0.011136363636363666 0.029886363636363635
