14 0.401875 0.063125 0.028733552631578896 0.031233552631578954
12 0.35 0.40375 0.06499161073825505 0.052491610738255035
18 0.37 0.19 0.022456896551724115 0.024956896551724117
06 0.335625 0.543125 0.026244444444444515 0.026244444444444515
13 0.56125 0.26875 0.1349880952380953 0.13748809523809524
08 0.930625 0.2175 0.0212429775280899 0.019992977528089872
03 0.2175 0.17062500000000003 0.0449950980392157 0.03874509803921569
03 0.098125 0.8075 0.03620689655172413 0.039956896551724075
02 0.76875 0.27937500000000004 0.04747844827586223 0.031228448275862075
08 0.440625 0.850625 0.05363636363636359 0.018636363636363673
14 0.295625 0.629375 0.02373579545454546 0.041235795454545365
06 0.609375 0.18562499999999998 0.07871951219512208 0.04371951219512196
13 0.36875 0.875625 0.01248214285714283 0.02873214285714276
