12 0.49875 0.365625 0.08998355263157892 0.07873355263157894
08 0.88625 0.38249999999999995 0.01999161073825495 0.07999161073825506
04 0.355 0.775625 0.054956896551724144 0.04870689655172411
20 0.436875 0.24562499999999998 0.023744444444444512 0.018744444444444425
03 0.33875 0.054375 0.07498809523809524 0.08373809523809524
08 0.5325 0.691875 0.03749297752808989 0.06874297752808989
18 0.299375 0.59375 0.04374509803921567 0.04499509803921575
03 0.198125 0.658125 0.08120689655172414 0.026206896551724146
14 0.270625 0.90375 0.04622844827586206 0.04747844827586223
06 0.4375 0.171875 0.0998863636363636 0.061136363636363655
14 0.7093750000000001 0.13125 0.11623579545454532 0.04748579545454547
02 0.9175 0.4 0.087469512195122 0.084969512195122
20 0.5325 0.9099999999999999 0.03498214285714285 0.022482142857142784
