01 0.4275 0.556875 0.01248355263157891 0.011233552631578991
04 0.528125 0.495625 0.021241610738255035 0.018741610738254977
03 0.383135775862069 0.199375 0.01372844827586206 0.01870689655172414
07 0.3475013888888889 0.57375 0.024997222222222226 0.057494444444444515
20 0.8725 0.42562500000000003 0.027488095238095034 0.028738095238095285
14 0.63125 0.6575 0.029992977528089826 0.02749297752808988
01 0.55 0.5075000000000001 0.017495098039215673 0.012495098039215669
03 0.499364224137931 0.84375 0.03372844827586213 0.024956896551724173
08 0.04875 0.385625 0.024978448275862063 0.021228448275862066
03 0.563125 0.450625 0.023636363636363678 0.02113636363636362
