11 0.608125 0.6793750000000001 0.02873355263157895 0.023733552631578836
12 0.6075 0.08875 0.034991610738255075 0.04249161073825504
06 0.259375 0.6893750000000001 0.07870689655172416 0.023706896551724088
15 0.7025 0.43562500000000004 0.04499444444444434 0.04124444444444447
03 0.355 0.38187499999999996 0.029988095238095258 0.04123809523809524
00 0.10125 0.333125 0.04249297752808988 0.03624297752808986
06 0.54 0.9524999999999999 0.1049950980392157 0.06249509803921571
14 0.870625 0.744375 0.016206896551724137 0.026206896551724146
12 0.634375 0.383125 0.06622844827586216 0.061228448275862046
14 0.316875 0.6956249999999999 0.07363636363636367 0.018636363636363673
03 0.60625 0.34625 0.029985795454545383 0.05748579545454546
08 0.33999999999999997 0.59625 0.04746951219512202 0.03496951219512201
