18 0.933125 0.169375 0.026233552631578894 0.031233552631578954
14 0.8975 0.334375 0.03749161073825491 0.03874161073825505
18 0.756875 0.04625 0.02120689655172414 0.024956896551724138
12 0.774375 0.739375 0.07624444444444434 0.06874444444444427
03 0.325625 0.32375 0.033738095238095234 0.08998809523809526
00 0.69125 0.5375000000000001 0.039992977528089835 0.03499297752808983
03 0.59625 0.43062500000000004 0.059995098039215766 0.05624509803921568
11 0.85625 0.26 0.03745689655172413 0.04495689655172411
04 0.2625 0.32437499999999997 0.029978448275862074 0.028728448275862017
19 0.934375 0.1575 0.04613636363636375 0.03738636363636366
06 0.20875 0.450625 0.009985795454545476 0.031235795454545467
20 0.07375 0.12875 0.01996951219512194 0.01996951219512194
04 0.365 0.18625 0.0374821428571428 0.02498214285714284
