08 0.555625 0.43062500000000004 0.05873355263157887 0.056233552631578865
20 0.7806249999999999 0.11937500000000001 0.038741610738254884 0.03624161073825506
01 0.765625 0.2 0.04870689655172411 0.034956896551724126
20 0.1975 0.016875 0.03499444444444441 0.028744444444444444
08 0.22312500000000002 0.485625 0.06373809523809529 0.05123809523809525
06 0.859375 0.9256249999999999 0.05124297752808982 0.04624297752808981
08 0.8356250000000001 0.845 0.028745098039215766 0.017495098039215673
03 0.334375 0.89375 0.03370689655172415 0.03495689655172407
14 0.38125 0.35624999999999996 0.08247844827586209 0.04247844827586206
03 0.745 0.10062499999999999 0.09238636363636377 0.05863636363636364
12 0.058124999999999996 0.33875 0.06373579545454545 0.05498579545454546
04 0.35624999999999996 0.886875 0.05496951219512197 0.05371951219512194
