00 0.5025000000000001 0.171875 0.027483552631578922 0.02873355263157895
08 0.348125 0.73125 0.018741610738255032 0.01999161073825484
06 0.87875 0.20687499999999998 0.07745689655172416 0.03620689655172413
12 0.450625 0.48062499999999997 0.03874444444444447 0.04374444444444453
01 0.308125 0.12687500000000002 0.026238095238095283 0.02623809523809524
14 0.301875 0.23875000000000002 0.04624297752808981 0.022492977528089847
20 0.27625 0.433125 0.012495098039215669 0.011245098039215695
15 0.8574999999999999 0.5543750000000001 0.014956896551724053 0.023706896551724088
10 0.88 0.985625 0.024978448275862153 0.02372844827586218
14 0.36312500000000003 0.423125 0.046136363636363587 0.028636363636363626
