14 0.235625 0.49875 0.04623355263157897 0.02498355263157892
13 0.16875 0.46249999999999997 0.04999161073825506 0.21999161073825502
18 0.700625 0.24312499999999998 0.0337068965517241 0.03620689655172413
20 0.565625 0.8525 0.04624444444444442 0.029994444444444324
04 0.175625 0.7793749999999999 0.056238095238095254 0.04373809523809513
03 0.11499999999999999 0.614375 0.10749297752808988 0.02124297752808979
03 0.453125 0.41000000000000003 0.07124509803921564 0.047495098039215644
04 0.645 0.24 0.057456896551724146 0.04745689655172414
20 0.2575 0.105625 0.04247844827586203 0.02872844827586206
07 0.674375 0.75875 0.043636363636363806 0.04988636363636367
09 0.4225 0.07187500000000001 0.04248579545454545 0.05373579545454546
05 0.515 0.268125 0.0374695121951219 0.07621951219512199
03 0.07062500000000001 0.20124999999999998 0.04623214285714286 0.10998214285714289
14 0.670625 0.41374999999999995 0.06623750000000006 0.05498750000000002
