06 0.7112499999999999 0.4475 0.03248355263157887 0.009983552631578907
13 0.148125 0.313125 0.06124161073825504 0.13374161073825505
06 0.769375 0.16125 0.0387068965517241 0.16495689655172413
06 0.9387513888888889 0.9225 0.1149972222222222 0.009994444444444417
03 0.18937500000000002 0.23249999999999998 0.04623809523809527 0.02498809523809528
03 0.060000000000000005 0.6275 0.02499297752808989 0.02499297752808982
08 0.44062500000000004 0.17875 0.061245098039215684 0.027495098039215682
18 0.5925 0.556875 0.029956896551724177 0.03120689655172404
14 0.52375 0.31562500000000004 0.039978448275862055 0.07372844827586206
05 0.494375 0.18 0.021136363636363564 0.04738636363636364
18 0.6950000000000001 0.31125 0.024985795454545268 0.027485795454545492
