06 0.24375000000000002 0.5237458881578947 0.06498355263157898 0.05999177631578945
20 0.963125 0.454375 0.02374161073825487 0.023741610738255037
03 0.860625 0.360625 0.053706896551724115 0.0362068965517241
20 0.3925 0.7525 0.027494444444444488 0.027494444444444377
03 0.15812500000000002 0.525 0.03373809523809526 0.03248809523809526
06 0.485625 0.301875 0.01624297752808984 0.05874297752808988
10 0.49874999999999997 0.854375 0.022495098039215677 0.021245098039215593
08 0.7893749999999999 0.289375 0.028706896551724204 0.046206896551724164
04 0.9524999999999999 0.28312499999999996 0.02747844827586221 0.021228448275862066
03 0.7225 0.8087500000000001 0.012386363636363695 0.0173863636363637
06 0.079375 0.39 0.02123579545454546 0.017485795454545483
05 0.410625 0.18562499999999998 0.03121951219512198 0.018719512195121996
11 0.756875 0.2975 0.028732142857142873 0.02248214285714284
