02 0.7250041118421053 0.128125 0.0574917763157895 0.016233552631578926
03 0.306875 0.725625 0.008741610738255079 0.018741610738254866
02 0.348125 0.32625000000000004 0.041206896551724104 0.014956896551724108
14 0.665 0.076875 0.029994444444444324 0.021244444444444455
03 0.55375 0.589375 0.012488095238095243 0.02873809523809534
01 0.21125 0.125 0.019992977528089845 0.019992977528089886
04 0.6543749999999999 0.4 0.02374509803921565 0.01499509803921567
01 0.665 0.18375 0.01745689655172411 0.014956896551724108
09 0.720625 0.6699999999999999 0.021228448275862233 0.0174784482758622
20 0.11624999999999999 0.7725 0.012386363636363626 0.012386363636363806
02 0.294375 0.838125 0.05373579545454543 0.01873579545454529
