02 0.1375 0.59375 0.024983552631578948 0.022483552631578974
06 0.44062500000000004 0.958125 0.013741610738255028 0.046241610738254835
04 0.03375 0.7875 0.024956896551724145 0.014956896551724164
14 0.626875 0.84875 0.02874444444444446 0.022494444444444373
03 0.246875 0.693125 0.018738095238095248 0.01873809523809511
18 0.9762500000000001 0.284375 0.012492977528089866 0.01374297752808984
10 0.665 0.31875 0.014995098039215726 0.01499509803921567
20 0.7775000000000001 0.019999999999999997 0.019956896551724168 0.019956896551724133
00 0.56125 0.70875 0.032478448275862104 0.01997844827586226
20 0.536875 0.15812500000000002 0.018636363636363562 0.016136363636363643
03 0.07375000000000001 0.395625 0.01748579545454547 0.02373579545454546
03 0.659375 0.94875 0.023719512195122028 0.047469512195121966
