07 0.2668708881578947 0.110625 0.0262417763157895 0.021233552631578945
09 0.375625 0.161875 0.023741610738255037 0.031241610738255043
03 0.36875 0.71625 0.02745689655172412 0.039956896551724186
04 0.520625 0.316875 0.026244444444444515 0.023744444444444457
03 0.7324999999999999 0.31999999999999995 0.03248809523809515 0.03998809523809527
03 0.62 0.47375 0.012492977528089755 0.03499297752808983
10 0.27125 0.09625 0.02499509803921568 0.01999509803921569
01 0.8043750000000001 0.233125 0.028706896551724204 0.03120689655172415
05 0.571875 0.953125 0.028728448275862073 0.021228448275862233
08 0.049999999999999996 0.825 0.06488636363636363 0.03488636363636377
03 0.58375 0.351875 0.04248579545454545 0.013735795454545507
14 0.49875 0.37124999999999997 0.03246951219512201 0.01996951219512194
11 0.8656250000000001 0.028125 0.028732142857142873 0.018732142857142857
