20 0.586875 0.340625 0.013733552631578938 0.01123355263157888
03 0.113125 0.169375 0.03624161073825505 0.02624161073825504
14 0.441875 0.510625 0.013706896551724135 0.026206896551724146
06 0.75375 0.70875 0.012494444444444364 0.022494444444444373
02 0.909375 0.3075 0.013738095238095105 0.03248809523809526
08 0.54625 0.47375 0.014992977528089924 0.019992977528089817
15 0.506875 0.14125 0.008745098039215748 0.009995098039215694
06 0.08187499999999999 0.91625 0.04620689655172413 0.05245689655172414
20 0.7375 0.856875 0.012478448275862197 0.013728448275862282
13 0.615 0.969375 0.019886363636363535 0.0386363636363638
