13 0.57375 0.17562500000000003 0.08998355263157887 0.06373355263157895
03 0.05375 0.148125 0.037491610738255035 0.07624161073825504
06 0.558125 0.05375 0.09370689655172415 0.03745689655172414
14 0.07125000000000001 0.5643750000000001 0.044994444444444455 0.0737444444444445
06 0.9 0.234375 0.02998809523809509 0.03623809523809529
06 0.823125 0.74 0.036242977528089915 0.012492977528089866
14 0.699375 0.95875 0.028745098039215655 0.027495098039215682
20 0.8981250000000001 0.1775 0.03870689655172421 0.03745689655172413
04 0.20750000000000002 0.16999999999999998 0.032478448275862076 0.029978448275862074
08 0.7206250000000001 0.763125 0.03863636363636369 0.028636363636363682
03 0.05499999999999999 0.933125 0.02998579545454546 0.05623579545454538
