09 0.33625 0.721875 0.027483552631578867 0.018733552631578942
11 0.56 0.5775 0.017491610738255114 0.017491610738255003
04 0.576875 0.940625 0.02120689655172414 0.016206896551724137
20 0.44125000000000003 0.171875 0.009994444444444472 0.011244444444444446
12 0.520625 0.500625 0.03873809523809535 0.033738095238095234
06 0.44437499999999996 0.69625 0.048742977528089815 0.019992977528089817
04 0.16125 0.965 0.019995098039215675 0.017495098039215673
01 0.899375 0.17625000000000002 0.016206896551724137 0.009956896551724131
04 0.06125 0.8343750000000001 0.019978448275862065 0.018728448275862175
20 0.07999999999999999 0.12062500000000001 0.022386363636363635 0.01863636363636363
