20 0.985 0.353125 0.017483552631578858 0.018733552631578887
06 0.17312499999999997 0.74125 0.0037416107382550468 0.04499161073825497
13 0.6775 0.33625 0.032456896551724124 0.12245689655172409
03 0.44375 0.448125 0.02249444444444454 0.036244444444444524
06 0.7762500000000001 0.216875 0.07498809523809513 0.013738095238095271
14 0.136875 0.880625 0.031242977528089896 0.036242977528089915
04 0.8525 0.391875 0.024995098039215624 0.026245098039215653
11 0.8987499999999999 0.4575 0.032456896551724124 0.024956896551724117
03 0.348125 0.745 0.048728448275862035 0.014978448275862144
04 0.8968750000000001 0.561875 0.026136363636363735 0.018636363636363562
04 0.499375 0.21500000000000002 0.026235795454545408 0.027485795454545464
