17 0.836875 0.328125 0.04873355263157897 0.06623355263157893
05 0.848125 0.548125 0.026241610738254928 0.056241610738255066
18 0.9375 0.865625 0.03495689655172418 0.0387068965517241
08 0.33687500000000004 0.818125 0.03624444444444447 0.07624444444444434
01 0.643125 0.534375 0.031238095238095176 0.033738095238095345
14 0.205625 0.52875 0.021242977528089846 0.039992977528089946
03 0.7725 0.2625 0.03749509803921569 0.1824950980392157
03 0.69 0.765625 0.03495689655172407 0.05620689655172417
08 0.1225 0.5 0.039978448275862055 0.09997844827586211
14 0.06125 0.25625 0.05488636363636363 0.07988636363636367
00 0.586875 0.5549999999999999 0.04623579545454548 0.03998579545454539
15 0.72125 0.6675 0.07496951219512205 0.04496951219512191
10 0.8325 0.40812499999999996 0.049982142857142864 0.03373214285714282
03 0.734375 0.875625 0.0787374999999999 0.033737499999999976
