05 0.8162499999999999 0.76125 0.009983552631578907 0.027483552631578867
12 0.65875 0.9824999999999999 0.0274916107382549 0.029991610738254848
18 0.7262500000000001 0.38749999999999996 0.012456896551724106 0.014956896551724108
20 0.33875 0.14687499999999998 0.00749444444444447 0.008744444444444471
01 0.5874999999999999 0.3275 0.0149880952380953 0.014988095238095245
14 0.921875 0.25375000000000003 0.02374297752808996 0.019992977528089872
14 0.630625 0.629375 0.028745098039215655 0.0162450980392157
04 0.025625 0.115625 0.021206896551724135 0.016206896551724123
08 0.506875 0.791875 0.021228448275862122 0.06372844827586222
06 0.15812500000000002 0.8456250000000001 0.016136363636363643 0.04613636363636375
