03 0.54125 0.87125 0.027483552631578867 0.03498355263157893
04 0.224375 0.55375 0.031241610738255043 0.03249161073825502
03 0.43125 0.55 0.03995689655172413 0.019956896551724168
08 0.8343750000000001 0.83125 0.05874444444444438 0.03249444444444427
04 0.8718779761904762 0.39812499999999995 0.03374404761904759 0.02373809523809528
03 0.6275 0.923125 0.04499297752808984 0.043742977528089866
06 0.4975 0.5231250000000001 0.1049950980392157 0.04374509803921567
20 0.5237499999999999 0.87125 0.04245689655172413 0.03745689655172413
07 0.790625 0.856875 0.07372844827586222 0.04372844827586231
01 0.8925000000000001 0.670625 0.024886363636363762 0.026136363636363735
