11 0.62375 0.94625 0.04248355263157888 0.03248355263157887
06 0.7600020973154362 0.545625 0.07499580536912742 0.07624161073825508
11 0.636875 0.2975 0.0387068965517241 0.02745689655172412
14 0.828125 0.448125 0.033744444444444355 0.03874444444444447
04 0.18062499999999998 0.95875 0.038738095238095266 0.03248809523809504
01 0.474375 0.791875 0.03874297752808986 0.0312429775280898
14 0.8525 0.20375 0.04499509803921564 0.029995098039215712
15 0.819375 0.603125 0.043706896551724106 0.018706896551724084
03 0.5762499999999999 0.62625 0.05497844827586207 0.022478448275862095
04 0.339375 0.42874999999999996 0.03363636363636363 0.024886363636363595
13 0.1425 0.045625 0.062485795454545454 0.048735795454545455
