18 0.42874999999999996 0.24 0.01248355263157891 0.014983552631578967
01 0.58375 0.073125 0.014991610738255057 0.016241610738255044
06 0.258125 0.938125 0.011206896551724133 0.05870689655172412
01 0.76125 0.5587500000000001 0.012494444444444364 0.009994444444444528
12 0.12187500000000001 0.64125 0.03373809523809525 0.03498809523809521
04 0.13624999999999998 0.521875 0.022492977528089902 0.018742977528089844
06 0.11750000000000001 0.469375 0.019995098039215703 0.013745098039215697
14 0.6018749999999999 0.7375 0.04120689655172416 0.03745689655172413
03 0.7675 0.811875 0.032478448275862215 0.01372844827586217
01 0.348125 0.17875000000000002 0.013636363636363613 0.012386363636363668
03 0.626875 0.36125 0.041235795454545476 0.019985795454545485
00 0.445625 0.711875 0.04121951219512199 0.03871951219512193
01 0.144375 0.26625 0.02373214285714287 0.02248214285714284
