03 0.16812500000000002 0.5275000000000001 0.023733552631578975 0.04248355263157888
07 0.47187500000000004 0.864375 0.013741610738255028 0.04374161073825489
09 0.7268749999999999 0.284375 0.043706896551724106 0.043706896551724106
03 0.24562499999999998 0.14125 0.0562444444444444 0.01749444444444445
15 0.9237500000000001 0.40375 0.014988095238095078 0.029988095238095314
10 0.23812499999999998 0.46125 0.03374297752808983 0.02499297752808982
18 0.474375 0.496875 0.02624509803921571 0.028745098039215766
14 0.06375 0.19 0.06995689655172413 0.02745689655172412
14 0.655 0.913125 0.05997844827586207 0.02372844827586218
13 0.565625 0.06937499999999999 0.10113636363636358 0.04113636363636363
