06 0.3718791118421053 0.37124999999999997 0.06874177631578943 0.03248355263157893
13 0.43937499999999996 0.52625 0.06874161073825508 0.08999161073825501
07 0.9325 0.7593749999999999 0.08995689655172412 0.09370689655172415
02 0.625625 0.28500000000000003 0.03874444444444447 0.0549944444444444
03 0.8125 0.6699999999999999 0.03498809523809521 0.10748809523809522
11 0.739375 0.05875 0.04124297752808981 0.034992977528089886
15 0.86625 0.890625 0.0474950980392157 0.046245098039215726
19 0.56375 0.445 0.04495689655172408 0.04245689655172413
08 0.08625 0.3625 0.022478448275862054 0.05497844827586207
14 0.3225 0.581875 0.04738636363636367 0.03863636363636358
12 0.485 0.26875 0.044985795454545396 0.07748579545454545
03 0.51 0.39249999999999996 0.03246951219512195 0.027469512195122003
