03 0.864375 0.9824999999999999 0.021233552631579 0.027483552631578978
10 0.619375 0.381875 0.021241610738255035 0.021241610738255035
18 0.6643749999999999 0.859375 0.01370689655172408 0.016206896551724137
10 0.5237499999999999 0.531875 0.019994444444444537 0.013744444444444559
10 0.10062499999999999 0.064375 0.021238095238095236 0.02123809523809523
04 0.94875 0.89625 0.022492977528089875 0.022492977528089764
03 0.869375 0.855 0.028745098039215655 0.03999509803921564
18 0.686875 0.30062500000000003 0.01370689655172419 0.01620689655172408
06 0.915625 0.7262500000000001 0.011228448275862224 0.029978448275862157
15 0.980625 0.045 0.018636363636363784 0.022386363636363635
13 0.210625 0.424375 0.05623579545454546 0.01123579545454545
18 0.081875 0.911875 0.016219512195121938 0.018719512195122023
18 0.46 0.25625 0.014982142857142833 0.017482142857142835
14 0.8031250000000001 0.7050000000000001 0.03873749999999998 0.019987499999999936
