18 0.25687499999999996 0.304375 0.021233552631578945 0.023733552631578947
14 0.7725 0.09375 0.03749161073825491 0.022491610738255036
12 0.7168749999999999 0.303125 0.028706896551724204 0.05870689655172412
03 0.80125 0.08687500000000001 0.037494444444444386 0.018744444444444452
15 0.594375 0.179375 0.041238095238095296 0.04123809523809524
03 0.8300000000000001 0.80125 0.04249297752808989 0.04249297752808978
03 0.24375 0.19687500000000002 0.019995098039215675 0.02624509803921568
03 0.161875 0.81125 0.03620689655172413 0.03495689655172418
03 0.23 0.0275 0.052478448275862066 0.05497844827586207
14 0.02 0.846875 0.022386363636363635 0.018636363636363673
07 0.7887464488636363 0.08375 0.052492897727272725 0.024985795454545462
06 0.823125 0.693125 0.05371951219512194 0.013719512195121908
03 0.296875 0.323125 0.043732142857142886 0.04373214285714283
