08 0.303125 0.963125 0.021233552631578945 0.07373355263157899
10 0.16 0.05 0.01999161073825506 0.019991610738255026
03 0.786885775862069 0.508125 0.026228448275862126 0.016206896551724137
03 0.336875 0.6956249999999999 0.016244444444444506 0.031244444444444297
08 0.800625 0.286875 0.028738095238095118 0.013738095238095271
05 0.690625 0.055625 0.016242977528089786 0.026242977528089892
11 0.734375 0.78 0.021245098039215593 0.014995098039215726
18 0.31437499999999996 0.60625 0.013706896551724135 0.014956896551724053
14 0.5149999999999999 0.40375 0.024978448275862042 0.039978448275862055
01 0.36875 0.5331250000000001 0.01988636363636359 0.018636363636363673
20 0.51125 0.7537499999999999 0.01498579545454548 0.012485795454545312
