06 0.17062500000000003 0.086875 0.13623355263157896 0.04873355263157894
04 0.72 0.4075 0.04749161073825492 0.04249161073825508
03 0.47 0.97375 0.04245689655172408 0.03745689655172413
10 0.6056250000000001 0.36250000000000004 0.04124444444444453 0.034994444444444495
03 0.10500000000000001 0.940625 0.04748809523809523 0.04623809523809508
20 0.49250000000000005 0.676875 0.02999297752808988 0.026242977528089906
04 0.24874999999999997 0.1925 0.04749509803921567 0.0449950980392157
04 0.825625 0.630625 0.05120689655172417 0.03370689655172421
15 0.0875 0.59625 0.019978448275862065 0.06747844827586202
02 0.38625 0.271875 0.0923863636363636 0.11113636363636362
03 0.844375 0.8143750000000001 0.09373579545454525 0.051235795454545374
