03 0.6074999999999999 0.5618749999999999 0.01748355263157897 0.02123355263157889
11 0.22125 0.050624999999999996 0.027491610738255068 0.026241610738255025
04 0.77625 0.2825 0.024956896551724173 0.017456896551724166
05 0.47250000000000003 0.095 0.017494444444444535 0.029994444444444462
09 0.080625 0.32 0.023738095238095225 0.017488095238095247
01 0.561875 0.7012499999999999 0.008742977528089835 0.009992977528089919
06 0.146875 0.948125 0.0037450980392156885 0.046245098039215726
11 0.736875 0.6168750000000001 0.023706896551724088 0.02120689655172414
15 0.940625 0.899375 0.028728448275862184 0.04122844827586214
16 0.73125 0.201875 0.024886363636363762 0.028636363636363682
08 0.94875 0.7325 0.02498579545454538 0.017485795454545316
08 0.8106249999999999 0.054375 0.02871951219512192 0.011219512195121947
