03 0.5175000000000001 0.77 0.03248355263157887 0.019983552631578916
19 0.370625 0.175 0.018741610738255032 0.032491610738255045
03 0.75125 0.808125 0.032456896551724124 0.04120689655172416
06 0.61625 0.26 0.057494444444444515 0.062494444444444436
04 0.723125 0.373125 0.023738095238095114 0.021238095238095278
06 0.24624999999999997 0.3125 0.017492977528089843 0.0474929775280899
15 0.711875 0.1825 0.018745098039215757 0.0474950980392157
04 0.38187499999999996 0.028749999999999998 0.03370689655172415 0.02245689655172414
19 0.22125 0.58375 0.027478448275862044 0.03747844827586211
08 0.304375 0.7075 0.013636363636363669 0.009886363636363749
15 0.54375 0.13625 0.04248579545454545 0.04998579545454547
05 0.868125 0.0525 0.02121951219512197 0.04246951219512195
04 0.34125 0.3825 0.02748214285714279 0.019982142857142837
