03 0.499375 0.73 0.033733552631578956 0.017483552631578858
06 0.6799999999999999 0.2075 0.00249161073825499 0.06499161073825505
14 0.7881142241379311 0.41812499999999997 0.026228448275862015 0.02620689655172409
06 0.448125 0.309375 0.06374444444444449 0.018744444444444452
01 0.93125 0.7125 0.02998809523809509 0.019988095238095083
06 0.799375 0.42874824438202247 0.07124297752808995 0.03499648876404493
01 0.204375 0.020624999999999998 0.02624509803921571 0.016245098039215686
06 0.79375 0.48 0.04745689655172414 0.007456896551724157
14 0.075 0.09875 0.022478448275862067 0.017478448275862063
11 0.983125 0.7737499999999999 0.018636363636363784 0.019886363636363646
03 0.54 0.433125 0.01498579545454548 0.051235795454545485
19 0.33375 0.9237500000000001 0.022469512195121943 0.027469512195121948
