08 0.08875 0.943125 0.03498355263157896 0.031233552631578898
06 0.06375 0.909375 0.03749161073825504 0.0637416107382549
05 0.239375 0.184375 0.02870689655172412 0.04120689655172413
11 0.130625 0.7518750000000001 0.028744444444444447 0.02874444444444435
12 0.5975 0.304375 0.04248809523809527 0.03623809523809529
06 0.335 0.10625000000000001 0.05999297752808985 0.0999929775280899
04 0.8200000000000001 0.77375 0.02999509803921574 0.027495098039215682
06 0.59125 0.349375 0.07995689655172422 0.043706896551724106
04 0.433125 0.10625 0.028728448275862073 0.01497844827586206
13 0.6450284090909091 0.29874999999999996 0.0499431818181818 0.06238636363636363
09 0.22062500000000002 0.074375 0.038735795454545446 0.031235795454545454
01 0.7168749999999999 0.84125 0.03621951219512198 0.03246951219512206
04 0.235 0.024375 0.02998214285714282 0.023732142857142854
03 0.590625 0.96375 0.018737499999999963 0.02498749999999994
