12 0.071875 0.34187500000000004 0.041233552631578956 0.04373355263157891
04 0.029375 0.341875 0.03124161073825503 0.02624161073825504
18 0.8075 0.373125 0.022456896551724226 0.026206896551724146
03 0.921875 0.9325 0.018744444444444452 0.037494444444444275
14 0.5349999999999999 0.53875 0.027488095238095256 0.03248809523809526
04 0.5575 0.05 0.02749297752808988 0.02999297752808989
03 0.909375 0.731875 0.05874509803921568 0.04124509803921572
03 0.71875 0.16625 0.012456896551724217 0.034956896551724126
04 0.6300000000000001 0.156875 0.032478448275862104 0.02372844827586204
03 0.8200000000000001 0.39 0.14488636363636365 0.07988636363636359
