03 0.494375 0.479375 0.021233552631578834 0.028733552631578896
06 0.483125 0.899375 0.02124161073825509 0.008741610738254857
06 0.8775 0.06625 0.00995689655172416 0.09995689655172413
12 0.42562500000000003 0.24 0.031244444444444464 0.047494444444444395
03 0.81375 0.746875 0.027488095238095145 0.02623809523809506
03 0.595 0.0775 0.02499297752808982 0.024992977528089877
20 0.036250000000000004 0.76875 0.012495098039215686 0.014995098039215615
15 0.2825 0.53 0.014956896551724108 0.022456896551724115
13 0.4475 0.375 0.049978448275862064 0.029978448275862046
03 0.385 0.665 0.047386363636363615 0.03738636363636372
13 0.159375 0.619375 0.05623579545454546 0.04623579545454548
01 0.501875 0.689375 0.028719512195121977 0.02121951219512197
09 0.44 0.021875 0.03248214285714279 0.033732142857142856
20 0.30125 0.38875000000000004 0.01248750000000004 0.01248750000000004
