09 0.389375 0.686875 0.02373355263157889 0.026233552631578894
03 0.631875 0.529375 0.038741610738254995 0.02624161073825504
01 0.29625 0.536875 0.01745689655172411 0.018706896551724084
04 0.9762500000000001 0.5762499999999999 0.027494444444444377 0.029994444444444546
03 0.09625 0.33875 0.04248809523809524 0.04498809523809527
03 0.311875 0.39312499999999995 0.018742977528089844 0.02624297752808985
13 0.92625 0.18062499999999998 0.017495098039215673 0.041245098039215694
10 0.64375 0.600625 0.014956896551724053 0.01370689655172408
14 0.708125 0.05125 0.03372844827586219 0.03747844827586207
06 0.076875 0.82375 0.006136363636363634 0.024886363636363762
03 0.31 0.055 0.022485795454545432 0.024985795454545448
03 0.5974999999999999 0.56125 0.01746951219512194 0.01746951219512194
10 0.798125 0.734375 0.018732142857142864 0.016232142857142806
03 0.555625 0.38875000000000004 0.05623750000000005 0.0299875
