15 0.20250411184210526 0.623125 0.027491776315789473 0.016233552631578885
01 0.44 0.236875 0.027491610738255012 0.021241610738255035
03 0.84625 0.458125 0.059956896551724204 0.046206896551724164
18 0.3025 0.135625 0.03749444444444444 0.038744444444444456
01 0.169375 0.49812500000000004 0.03123809523809526 0.031238095238095342
01 0.35562499999999997 0.094375 0.021242977528089846 0.016242977528089897
03 0.145625 0.65875 0.021245098039215704 0.04999509803921576
11 0.760625 0.143125 0.0387068965517241 0.038706896551724115
15 0.545 0.325625 0.029978448275862046 0.043728448275862086
20 0.90375 0.11499999999999999 0.029886363636363655 0.024886363636363637
03 0.86875 0.5025 0.019985795454545263 0.049985795454545456
03 0.22812499999999997 0.968125 0.046219512195121965 0.03121951219512198
02 0.580625 0.455625 0.04623214285714283 0.028732142857142873
