02 0.671875 0.52625 0.023733552631578947 0.05498355263157895
12 0.646875 0.58875 0.02624161073825504 0.027491610738255012
08 0.019375 0.361875 0.02620689655172414 0.023706896551724088
08 0.8200000000000001 0.90375 0.03249444444444427 0.04499444444444445
03 0.028124999999999997 0.415 0.023738095238095235 0.03248809523809526
06 0.43125 0.505 0.014992977528089868 0.03749297752808989
07 0.26875000000000004 0.11249999999999999 0.01499509803921567 0.03999509803921568
06 0.14498922413793103 0.49186422413793107 0.07747844827586207 0.04872844827586209
11 0.89375 0.68875 0.029978448275862157 0.032478448275862215
11 0.43125 0.95 0.034886363636363604 0.024886363636363762
