17 0.5056208881578947 0.04125000000000001 0.04374177631578946 0.049983552631578956
06 0.8300000000000001 0.544375 0.09249161073825485 0.05874161073825512
03 0.520625 0.26875 0.026206896551724146 0.0649568965517241
04 0.098125 0.36875 0.031244444444444464 0.0374944444444445
08 0.839375 0.926875 0.011238095238095158 0.048738095238095136
04 0.123125 0.596875 0.046242977528089896 0.03874297752808986
08 0.830625 0.170625 0.028745098039215766 0.033745098039215715
03 0.07188577586206896 0.863125 0.04122844827586207 0.036206896551724155
11 0.5525 0.20124999999999998 0.04497844827586206 0.03497844827586208
07 0.724375 0.113125 0.06613636363636366 0.01863636363636363
03 0.22875 0.504375 0.07748579545454548 0.026235795454545408
02 0.9337500000000001 0.5525 0.03746951219512196 0.06996951219512204
