09 0.434375 0.70875 0.0362335526315789 0.03998355263157882
03 0.042499999999999996 0.06625 0.014991610738255036 0.029991610738255042
03 0.14125 0.41812499999999997 0.027456896551724147 0.04370689655172416
08 0.8049999999999999 0.934375 0.03499444444444444 0.03624444444444441
06 0.6575 0.4325 0.05248809523809528 0.009988095238095296
01 0.875 0.81375 0.029992977528089826 0.029992977528089826
13 0.72875 0.079375 0.032495098039215686 0.03374509803921569
09 0.8818642241379311 0.915 0.036228448275862024 0.032456896551724124
06 0.82875 0.9450000000000001 0.06747844827586214 0.029978448275862157
09 0.5225 0.665 0.019886363636363646 0.06738636363636363
06 0.069375 0.370625 0.06373579545454547 0.04873579545454548
11 0.1875 0.65125 0.027469512195122003 0.019969512195121997
07 0.7956205357142858 0.253125 0.04374107142857142 0.018732142857142836
