03 0.055625 0.33499999999999996 0.038733552631578946 0.04498355263157894
10 0.49 0.356875 0.04749161073825503 0.048741610738255
03 0.38749999999999996 0.39375000000000004 0.014956896551724108 0.019956896551724113
18 0.5275 0.7012499999999999 0.02499444444444454 0.027494444444444377
20 0.105625 0.786875 0.02873809523809523 0.028738095238095118
05 0.965625 0.5762499999999999 0.036242977528089804 0.0524929775280899
03 0.93625 0.296875 0.03749509803921569 0.07124509803921564
03 0.44625 0.23625 0.08995689655172412 0.034956896551724126
15 0.433125 0.2 0.021228448275862066 0.042478448275862085
03 0.7224999999999999 0.7093750000000001 0.03738636363636372 0.07613636363636378
10 0.305 0.865 0.019985795454545485 0.01498579545454537
