08 0.27625411184210524 0.31499999999999995 0.029991776315789476 0.01998355263157897
08 0.443125 0.12937500000000002 0.018741610738255032 0.01874161073825506
03 0.6599999999999999 0.71375 0.022456896551724115 0.03495689655172418
20 0.46499999999999997 0.578125 0.014994444444444477 0.013744444444444559
13 0.571875 0.0775 0.01873809523809533 0.03248809523809523
15 0.079375 0.8131250000000001 0.016242977528089897 0.023742977528089848
00 0.46 0.859375 0.027495098039215682 0.028745098039215655
04 0.64125 0.9412499999999999 0.024956896551724173 0.019956896551724168
06 0.17875000000000002 0.53375 0.07497844827586206 0.039978448275862166
13 0.06 0.931875 0.10238636363636364 0.06863636363636383
15 0.134375 0.4925 0.013735795454545452 0.01498579545454548
