14 0.245625 0.18125 0.086233552631579 0.027483552631578978
07 0.083125 0.515625 0.06624161073825505 0.023741610738255092
03 0.8043750000000001 0.04625 0.03120689655172415 0.05995689655172414
09 0.203125 0.48875 0.07374444444444445 0.052494444444444455
14 0.42375 0.11687499999999999 0.037488095238095265 0.05873809523809523
19 0.5606249999999999 0.568125 0.04124297752808992 0.043742977528089866
06 0.7799987745098039 0.61375 0.024997549019607934 0.08999509803921568
05 0.9668749999999999 0.5081249999999999 0.043706896551724106 0.06370689655172412
09 0.575 0.330625 0.07247844827586214 0.053728448275862095
11 0.8968750000000001 0.175625 0.0486363636363637 0.038636363636363635
11 0.9175 0.401875 0.062485795454545356 0.04623579545454548
