03 0.030625 0.621875 0.03123355263157895 0.023733552631578836
07 0.95 0.660625 0.07499161073825489 0.046241610738254946
01 0.19437500000000002 0.8475 0.04120689655172413 0.03745689655172413
13 0.63125 0.171875 0.06249444444444441 0.13374444444444444
15 0.80375 0.46875 0.06748809523809507 0.04998809523809522
20 0.4125 0.18625 0.017492977528089815 0.01749297752808987
00 0.6074999999999999 0.525 0.032495098039215686 0.034995098039215744
15 0.571875 0.85375 0.07870689655172414 0.04245689655172413
05 0.10125 0.649375 0.049978448275862064 0.0437284482758622
06 0.881875 0.186875 0.11363636363636376 0.08113636363636365
03 0.414375 0.345 0.02123579545454546 0.04498579545454545
03 0.17 0.15250000000000002 0.027469512195121948 0.05246951219512194
02 0.344375 0.780625 0.06623214285714285 0.0687321428571428
03 0.033749999999999995 0.5449999999999999 0.047487499999999995 0.03498750000000006
