14 0.713125 0.14250000000000002 0.043733552631578965 0.02748355263157895
14 0.9199999999999999 0.5375 0.11999161073825493 0.07499161073825511
10 0.268125 0.145625 0.04120689655172416 0.031206896551724123
03 0.33187500000000003 0.200625 0.043744444444444475 0.05874444444444443
00 0.86 0.499375 0.052488095238095056 0.04373809523809524
06 0.849375 0.610625 0.11624297752808976 0.11624297752808987
03 0.265 0.6699999999999999 0.03749509803921569 0.05499509803921565
12 0.161875 0.465 0.08370689655172413 0.07245689655172416
15 0.84 0.166875 0.0749784482758622 0.061228448275862046
04 0.57875 0.39625 0.05488636363636368 0.05238636363636362
20 0.611875 0.5825 0.03623579545454547 0.03248579545454544
10 0.52625 0.47750000000000004 0.04746951219512208 0.04246951219512202
