08 0.6450041118421053 0.760625 0.04999177631578944 0.026233552631578894
02 0.155625 0.528125 0.023741610738255065 0.10374161073825505
05 0.46125 0.22125 0.019956896551724168 0.034956896551724126
15 0.14250000000000002 0.12187500000000001 0.01749444444444445 0.013744444444444462
03 0.5543750000000001 0.715 0.031238095238095176 0.02998809523809509
03 0.393125 0.255 0.04624297752808981 0.02749297752808988
08 0.8287512254901961 0.384375 0.024997549019607934 0.023745098039215706
04 0.538125 0.49 0.023706896551724088 0.02245689655172417
08 0.07125000000000001 0.575625 0.012478448275862072 0.036228448275862024
08 0.334375 0.69125 0.011136363636363555 0.019886363636363757
08 0.08625000000000001 0.15062144886363638 0.024985795454545462 0.02624289772727273
11 0.28936737804878054 0.37625 0.023734756097560983 0.022469512195122
07 0.134375 0.255 0.008732142857142855 0.039982142857142855
