04 0.7106250000000001 0.231875 0.03873355263157896 0.043733552631578965
04 0.246875 0.711875 0.053741610738255036 0.04124161073825494
06 0.203125 0.8975 0.026206896551724146 0.16995689655172408
03 0.57 0.281875 0.1599944444444445 0.07374444444444445
06 0.7175 0.489375 0.14248809523809514 0.08623809523809522
04 0.61875 0.83875 0.0474929775280899 0.03749297752808989
14 0.50875 0.5825 0.042495098039215695 0.06749509803921572
17 0.561875 0.294375 0.05870689655172412 0.05120689655172417
03 0.1925 0.46749999999999997 0.019978448275862065 0.06747844827586202
03 0.9268749999999999 0.9299999999999999 0.026136363636363735 0.04238636363636383
20 0.5387500000000001 0.550625 0.02498579545454549 0.018735795454545512
10 0.20625 0.38 0.04246951219512199 0.039969512195122014
