13 0.37124999999999997 0.465625 0.02998355263157887 0.06623355263157893
18 0.21125 0.215 0.014991610738255057 0.01749161073825506
18 0.24625 0.7825 0.014956896551724108 0.01745689655172411
04 0.735625 0.796875 0.0212444444444444 0.023744444444444346
03 0.47687500000000005 0.5425 0.02373809523809528 0.03998809523809532
04 0.09875 0.21875 0.02499297752808989 0.022492977528089875
03 0.40812499999999996 0.135 0.013745098039215697 0.024995098039215694
14 0.25875 0.040625 0.0374568965517241 0.03870689655172414
04 0.7112499999999999 0.666875 0.024978448275862264 0.016228448275862117
18 0.89 0.63625 0.01738636363636381 0.019886363636363646
04 0.141875 0.18312499999999998 0.02123579545454546 0.016235795454545482
