09 0.544375 0.4275 0.031233552631578898 0.022483552631578918
20 0.253125 0.863125 0.023741610738255065 0.021241610738254924
18 0.93875 0.290625 0.022456896551724115 0.02620689655172409
05 0.02375 0.870625 0.027494444444444446 0.03874444444444436
20 0.813125 0.7693749999999999 0.028738095238095118 0.023738095238095114
03 0.24375 0.624375 0.062492977528089855 0.036242977528089915
03 0.9081250000000001 0.6225 0.0737450980392157 0.024995098039215624
03 0.858125 0.284375 0.03120689655172415 0.06370689655172412
08 0.503125 0.053125 0.016228448275862006 0.016228448275862062
07 0.209375 0.219375 0.07113636363636366 0.03863636363636366
