06 0.635625 0.3525 0.02873355263157884 0.14248355263157897
03 0.450625 0.5687500000000001 0.08624161073825509 0.12499161073825504
10 0.589375 0.504375 0.04870689655172411 0.04870689655172411
03 0.429375 0.745 0.04624444444444453 0.03499444444444433
20 0.9475 0.6456249999999999 0.062488095238095065 0.06373809523809515
03 0.790625 0.555625 0.061242977528089826 0.08624297752808985
18 0.88375 0.674375 0.0474950980392157 0.05124509803921573
10 0.144375 0.12 0.06370689655172412 0.03995689655172413
14 0.709375 0.818125 0.06622844827586216 0.07122844827586228
04 0.905 0.8475 0.07738636363636375 0.05238636363636373
15 0.3075 0.428125 0.13748579545454545 0.2462357954545455
