06 0.5587541118421053 0.8968750000000001 0.034991776315789536 0.06373355263157887
08 0.9606270973154363 0.171875 0.0187458053691274 0.02874161073825504
14 0.796875 0.209375 0.011206896551724022 0.016206896551724137
10 0.334375 0.275 0.018744444444444508 0.014994444444444421
06 0.38625 0.7150000000000001 0.049988095238095276 0.03248809523809515
03 0.13375 0.683125 0.027492977528089893 0.016242977528089897
10 0.96625 0.9862500000000001 0.012495098039215669 0.014995098039215615
12 0.7731250000000001 0.781875 0.026206896551724035 0.028706896551724093
07 0.254375 0.54 0.013728448275862087 0.06747844827586202
03 0.723125 0.16875 0.05863636363636371 0.02238636363636365
20 0.700625 0.98875 0.013735795454545285 0.012485795454545312
09 0.27749999999999997 0.524375 0.022469512195122 0.02121951219512197
13 0.613125 0.24562499999999998 0.10873214285714283 0.03123214285714282
