11 0.229375 0.281875 0.03123355263157898 0.031233552631578954
03 0.27125 0.27437500000000004 0.04999161073825506 0.033741610738255046
09 0.471875 0.511875 0.02120689655172414 0.04370689655172416
03 0.108125 0.49312500000000004 0.04124444444444447 0.06874444444444455
07 0.08249999999999999 0.6912499999999999 0.08998809523809523 0.02248809523809514
14 0.954375 0.28875 0.0212429775280899 0.04499297752808984
10 0.49625 0.824375 0.01999509803921573 0.018745098039215646
11 0.6375 0.8318749999999999 0.029956896551724177 0.023706896551724088
03 0.836875 0.675625 0.08872844827586224 0.03372844827586219
03 0.030624999999999996 0.849375 0.03363636363636363 0.08113636363636378
17 0.078125 0.07250000000000001 0.031235795454545454 0.04998579545454546
03 0.2875 0.18937500000000002 0.027469512195122003 0.036219512195121956
03 0.55875 0.82375 0.0374821428571428 0.057482142857142815
