00 0.583125 0.015 0.026233552631578894 0.019983552631578947
12 0.26375 0.966875 0.042491610738255026 0.03374161073825488
07 0.116875 0.5393749999999999 0.016206896551724123 0.026206896551724035
14 0.6681250000000001 0.0475 0.016244444444444395 0.024994444444444444
06 0.07062500000000001 0.7075 0.058738095238095235 0.017488095238095136
09 0.08374999999999999 0.8299982443820224 0.019992977528089886 0.012496488764044966
03 0.190625 0.32875 0.02374509803921568 0.03499509803921569
03 0.7593749999999999 0.7718750000000001 0.011206896551724133 0.03120689655172415
03 0.884375 0.6837500000000001 0.011228448275862224 0.029978448275862157
01 0.94 0.559375 0.012386363636363806 0.011136363636363611
00 0.47125 0.3375 0.017485795454545427 0.014985795454545425
