11 0.05187499999999999 0.621875 0.058733552631578936 0.06373355263157887
15 0.245 0.631875 0.07749161073825506 0.07124161073825497
09 0.691875 0.07999999999999999 0.04870689655172411 0.08495689655172413
00 0.27375 0.894375 0.06499444444444444 0.06374444444444438
06 0.5506279761904762 0.6950000000000001 0.03624404761904765 0.044988095238095105
08 0.16749999999999998 0.896875 0.07249297752808986 0.09874297752808991
03 0.515 0.25625 0.09249509803921568 0.062495098039215685
11 0.825625 0.8049999999999999 0.06620689655172407 0.039956896551724186
20 0.879375 0.48875 0.05122844827586226 0.04247844827586206
10 0.6531250000000001 0.674375 0.04613636363636364 0.04613636363636375
00 0.311875 0.5 0.04873579545454548 0.03248579545454544
16 0.489375 0.263125 0.07871951219512202 0.07621951219512199
