06 0.6818791118421053 0.11875 0.021241776315789496 0.06498355263157894
11 0.125 0.555625 0.027491610738255054 0.02624161073825504
15 0.22375 0.63125 0.04745689655172414 0.03495689655172418
14 0.6993750000000001 0.849375 0.016244444444444395 0.01124444444444439
05 0.505 0.7125 0.017488095238095303 0.027488095238095145
18 0.31125 0.06 0.01249297752808981 0.014992977528089889
04 0.294375 0.6737500000000001 0.021245098039215704 0.012495098039215669
14 0.780635775862069 0.948125 0.011228448275862113 0.018706896551724084
06 0.653125 0.10186961206896553 0.07372844827586211 0.053739224137931044
18 0.125625 0.190625 0.013636363636363641 0.01613636363636367
