06 0.795625 0.30874999999999997 0.051233552631578916 0.052483552631578945
20 0.32625 0.628125 0.014991610738255057 0.013741610738254972
09 0.0325 0.86 0.039956896551724144 0.014956896551724164
01 0.193125 0.4375 0.02624444444444443 0.022494444444444484
03 0.60875 0.713125 0.019988095238095305 0.01873809523809511
00 0.138125 0.1525 0.0187429775280899 0.01749297752808987
03 0.7437512254901961 0.704375 0.014997549019607814 0.02374509803921565
13 0.6912499999999999 0.143125 0.03495689655172407 0.051206896551724126
03 0.604375 0.708125 0.04122844827586203 0.028728448275862295
06 0.499375 0.369375 0.008636363636363609 0.0661363636363636
08 0.978125 0.699375 0.026235795454545352 0.026235795454545352
14 0.9875 0.7875 0.009969512195121988 0.039969512195122014
