03 0.305 0.30874999999999997 0.03498355263157893 0.06748355263157896
04 0.44125000000000003 0.478125 0.03999161073825502 0.033741610738255046
06 0.53125 0.11875 0.024956896551724173 0.14995689655172412
20 0.19625 0.784375 0.019994444444444426 0.01874444444444434
02 0.7931250000000001 0.315 0.06373809523809515 0.03498809523809532
10 0.410625 0.8668750000000001 0.03374297752808986 0.023742977528089848
18 0.5856250000000001 0.321875 0.028745098039215766 0.031245098039215657
11 0.090625 0.435 0.04120689655172413 0.024956896551724173
06 0.26937500000000003 0.761875 0.07122844827586208 0.08622844827586218
03 0.878125 0.41812499999999997 0.04113636363636375 0.021136363636363564
06 0.6543749999999999 0.5675 0.0762357954545454 0.009985795454545476
03 0.953125 0.714375 0.018719512195122023 0.05871951219512195
14 0.125625 0.241875 0.03873214285714287 0.028732142857142873
