00 0.6231249999999999 0.06875 0.02873355263157895 0.02248355263157896
13 0.18937500000000002 0.28500000000000003 0.01874161073825506 0.04999161073825503
03 0.2925 0.134375 0.04745689655172414 0.03620689655172414
20 0.319375 0.6525000000000001 0.023744444444444457 0.019994444444444315
03 0.08374999999999999 0.103125 0.039988095238095225 0.033738095238095234
09 0.93125 0.9356249999999999 0.0474929775280899 0.04124297752808992
03 0.6174999999999999 0.578125 0.022495098039215677 0.038745098039215664
11 0.50625 0.193125 0.029956896551724066 0.023706896551724116
07 0.75625 0.5412446120689656 0.024978448275862153 0.03498922413793093
03 0.255 0.75375 0.029886363636363655 0.04238636363636372
04 0.16249999999999998 0.26625 0.02248579545454546 0.022485795454545487
14 0.358125 0.596875 0.038719512195121986 0.02121951219512197
20 0.76 0.13874999999999998 0.019982142857142837 0.019982142857142865
02 0.056874999999999995 0.70375 0.01873749999999999 0.022487499999999994
