03 0.259375 0.1325 0.013733552631578994 0.03248355263157894
12 0.689375 0.6512499999999999 0.031241610738254932 0.034991610738254963
04 0.10625000000000001 0.276875 0.02245689655172413 0.01870689655172414
20 0.57125 0.218125 0.01749444444444448 0.01374444444444442
03 0.9450000000000001 0.5693720238095238 0.024988095238095087 0.011244047619047626
07 0.840625 0.605 0.04124297752808992 0.029992977528089826
03 0.8106249999999999 0.704375 0.0837450980392157 0.04374509803921567
12 0.6 0.8912500000000001 0.04495689655172419 0.06245689655172415
14 0.916875 0.5525 0.03372844827586219 0.01747844827586209
10 0.135 0.13874999999999998 0.024886363636363623 0.02238636363636362
20 0.95625 0.919375 0.019985795454545374 0.021235795454545348
07 0.9306326219512195 0.6468750000000001 0.02373475609756104 0.026219512195121975
05 0.47375 0.686875 0.01248214285714283 0.02873214285714276
13 0.33375 0.253125 0.057487500000000025 0.1312375
