05 0.2475 0.009999999999999998 0.029983552631578952 0.017483552631578945
03 0.95375 0.6893750000000001 0.01999161073825495 0.028741610738254875
07 0.1675 0.06811422413793103 0.02995689655172412 0.04372844827586206
10 0.01625 0.49375 0.014994444444444444 0.014994444444444532
06 0.988125 0.85625 0.016238095238095163 0.024988095238095087
05 0.836875 0.6643749999999999 0.026242977528089795 0.026242977528089795
14 0.701875 0.861875 0.056245098039215735 0.031245098039215713
05 0.030625 0.6331249999999999 0.01870689655172414 0.04120689655172416
05 0.7275 0.878125 0.022478448275862206 0.03872844827586219
03 0.9493750000000001 0.6756249999999999 0.01363636363636378 0.036136363636363744
03 0.966875 0.84125 0.0287357954545453 0.024985795454545268
