01 0.304375 0.785625 0.016233552631578996 0.013733552631578938
03 0.485 0.779375 0.034991610738255075 0.021241610738254924
20 0.575625 0.350625 0.01370689655172408 0.016206896551724137
20 0.35250000000000004 0.41500000000000004 0.024994444444444486 0.017494444444444535
09 0.809375 0.7050000000000001 0.041238095238095185 0.02248809523809514
03 0.21187499999999998 0.30500000000000005 0.011242977528089865 0.052492977528089846
20 0.39625 0.77625 0.012495098039215669 0.01249509803921578
03 0.0925 0.16749999999999998 0.012456896551724134 0.01995689655172414
18 0.830625 0.334375 0.011228448275862113 0.01372844827586206
12 0.818125 0.6225 0.05613636363636365 0.029886363636363655
06 0.361875 0.721875 0.08373579545454546 0.011235795454545339
12 0.08124999999999999 0.680625 0.06996951219512193 0.05371951219512194
