04 0.624375 0.75125 0.023733552631578947 0.017483552631578858
03 0.025625 0.821875 0.02374161073825503 0.04374161073825489
00 0.031875 0.861875 0.026206896551724142 0.02120689655172414
03 0.186875 0.049375 0.021244444444444427 0.016244444444444443
01 0.48250000000000004 0.2675 0.014988095238095245 0.017488095238095247
03 0.5125 0.3025 0.02499297752808982 0.02749297752808988
09 0.83875 0.9862500000000001 0.014995098039215726 0.01999509803921573
00 0.068125 0.78375 0.02120689655172415 0.022456896551724115
01 0.33125 0.75375 0.014978448275862033 0.012478448275862197
07 0.179375 0.5025 0.04113636363636364 0.012386363636363584
05 0.275 0.59875 0.027485795454545492 0.012485795454545423
20 0.411875 0.625 0.013719512195121963 0.012469512195121935
15 0.8943749999999999 0.38749999999999996 0.011232142857142802 0.02248214285714284
