14 0.23562499999999997 0.628125 0.021233552631578972 0.043733552631578854
03 0.445 0.76 0.03999161073825508 0.032491610738254906
07 0.16125 0.60625 0.014956896551724136 0.02745689655172412
08 0.056875 0.0225 0.023744444444444443 0.03499444444444444
06 0.794375 0.828125 0.06373809523809515 0.011238095238095047
06 0.079375 0.784375 0.021242977528089887 0.016242977528089786
03 0.42374999999999996 0.6893750000000001 0.01499509803921567 0.06624509803921563
14 0.4425 0.5506249999999999 0.02745689655172412 0.05120689655172417
12 0.164375 0.4675 0.05622844827586207 0.044978448275862115
18 0.61 0.46625 0.01738636363636359 0.019886363636363646
13 0.318125 0.82125 0.038735795454545474 0.04998579545454529
00 0.8825000000000001 0.504375 0.022469512195122054 0.02121951219512197
20 0.7725 0.88875 0.01748214285714289 0.014982142857142833
04 0.635 0.7325 0.02498749999999994 0.022487499999999994
