02 0.790625 0.646875 0.04873355263157886 0.06873355263157888
10 0.88125 0.095625 0.03999161073825497 0.031241610738255043
04 0.84625 0.685 0.04495689655172408 0.032456896551724124
06 0.09687638888888889 0.87375 0.07124722222222223 0.08249444444444431
18 0.4 0.3075 0.037488095238095265 0.03998809523809527
03 0.81375 0.9325 0.0524929775280899 0.057492977528089906
20 0.548125 0.684375 0.03624509803921572 0.031245098039215713
03 0.2975 0.48 0.04995689655172414 0.032456896551724124
18 0.70625 0.043125 0.03497844827586227 0.036228448275862066
20 0.08249999999999999 0.641875 0.052386363636363634 0.0486363636363637
18 0.051875 0.356875 0.033735795454545456 0.03623579545454547
13 0.4475 0.18062500000000004 0.022469512195121943 0.19371951219512198
