18 0.26875000000000004 0.185 0.009983552631578962 0.012483552631578965
12 0.730625 0.391875 0.021241610738254924 0.023741610738255037
18 0.009999999999999998 0.198125 0.012456896551724137 0.016206896551724137
03 0.1950013888888889 0.830625 0.012497222222222215 0.031244444444444297
18 0.041249999999999995 0.16999999999999998 0.012488095238095236 0.014988095238095273
03 0.299375 0.47750000000000004 0.008742977528089835 0.024992977528089877
18 0.08124999999999999 0.9337500000000001 0.017495098039215687 0.01999509803921573
08 0.505625 0.406875 0.013706896551724135 0.026206896551724146
07 0.5956196120689655 0.7624946120689655 0.02373922413793106 0.01748922413793108
15 0.714375 0.055 0.013636363636363669 0.022386363636363635
09 0.825 0.05 0.02248579545454532 0.01998579545454545
03 0.603125 0.589375 0.008719512195122014 0.018719512195122023
10 0.78625 0.3425 0.022482142857142895 0.014982142857142833
11 0.8106249999999999 0.625625 0.026237500000000025 0.02123750000000002
