05 0.755625 0.226875 0.02123355263157889 0.02873355263157898
09 0.875 0.25687499999999996 0.024991610738254844 0.033741610738255046
19 0.38875 0.9275 0.02745689655172412 0.029956896551724066
10 0.72 0.7375 0.02499444444444432 0.022494444444444373
03 0.35125 0.145625 0.012488095238095243 0.03873809523809524
12 0.651875 0.6187499999999999 0.03374297752808986 0.032492977528089884
04 0.46375 0.29 0.027495098039215682 0.022495098039215677
11 0.5874999999999999 0.4125 0.019956896551724168 0.017456896551724166
14 0.136875 0.4575 0.016228448275862062 0.03247844827586205
13 0.58875 0.28625 0.05988636363636357 0.039886363636363664
11 0.06812499999999999 0.052500000000000005 0.021235795454545445 0.01998579545454545
14 0.9137500000000001 0.53375 0.01746951219512194 0.03496951219512201
03 0.60375 0.969375 0.019982142857142837 0.03873214285714277
03 0.078125 0.891875 0.016237500000000002 0.03873749999999998
