01 0.431875 0.6599999999999999 0.018733552631578887 0.019983552631578916
20 0.9025 0.596875 0.022491610738254897 0.02374161073825498
20 0.41000000000000003 0.14437499999999998 0.034956896551724126 0.03620689655172413
06 0.73875 0.30500000000000005 0.022494444444444373 0.09499444444444444
10 0.055624999999999994 0.79125 0.03623809523809523 0.019988095238095083
04 0.879375 0.930625 0.03374297752808986 0.028742977528089853
02 0.256875 0.835 0.03374509803921569 0.02999509803921574
06 0.6125 0.649375 0.022456896551724115 0.14620689655172414
03 0.6112500000000001 0.94 0.037478448275862 0.03747844827586222
14 0.4175 0.104375 0.0323863636363636 0.01613636363636363
07 0.6681214488636363 0.58375 0.05124289772727275 0.06748579545454547
06 0.19937500000000002 0.9550000000000001 0.08371951219512194 0.027469512195121948
06 0.774375 0.411875 0.10373214285714283 0.09373214285714282
08 0.8975 0.659375 0.0324875 0.04123749999999993
