19 0.7525 0.700625 0.019983552631578916 0.0462335526315788
03 0.840625 0.879375 0.07374161073825491 0.038741610738254884
03 0.724375 0.3725 0.026206896551724146 0.04745689655172414
01 0.849375 0.33999999999999997 0.023744444444444346 0.02249444444444454
06 0.10312797619047619 0.019375 0.09124404761904761 0.021238095238095236
06 0.40687675561797754 0.5900000000000001 0.05124648876404492 0.08499297752808987
12 0.05625000000000001 0.341875 0.05249509803921569 0.04374509803921567
19 0.778125 0.9762500000000001 0.023706896551724088 0.032456896551724124
03 0.27437500000000004 0.320625 0.0562284482758621 0.043728448275862086
06 0.236875 0.24812499999999998 0.053636363636363676 0.008636363636363664
20 0.374375 0.140625 0.028735795454545465 0.026235795454545463
08 0.138125 0.135 0.06871951219512194 0.027469512195121948
07 0.749375 0.8043750000000001 0.04873214285714278 0.016232142857142917
10 0.14250000000000002 0.819375 0.029987500000000028 0.023737500000000078
