03 0.9475 0.765 0.04248355263157899 0.10248355263157882
03 0.08875 0.263125 0.11499161073825503 0.053741610738255036
06 0.77625 0.2 0.0074568965517241015 0.2049568965517241
04 0.42625 0.12437499999999999 0.05999444444444452 0.038744444444444456
20 0.285625 0.9550000000000001 0.058738095238095256 0.054988095238095114
18 0.29312499999999997 0.9225 0.03624297752808986 0.039992977528089835
19 0.72 0.715625 0.042495098039215695 0.05874509803921568
04 0.561875 0.605 0.046206896551724164 0.049956896551724084
03 0.938125 0.921875 0.046228448275862144 0.07622844827586217
16 0.8768750000000001 0.48375 0.09113636363636368 0.057386363636363624
03 0.68125 0.726875 0.02498579545454538 0.06873579545454533
10 0.6512500000000001 0.3125 0.057469512195121975 0.04496951219512202
