07 0.341875 0.91375 0.08623355263157895 0.1299835526315789
03 0.52875 0.776875 0.08999161073825507 0.04374161073825489
19 0.155 0.315625 0.032456896551724124 0.08870689655172415
14 0.934375 0.6512499999999999 0.041244444444444306 0.07499444444444447
13 0.1975 0.50375 0.20998809523809525 0.09748809523809526
06 0.4425 0.12 0.049992977528089844 0.0674929775280899
14 0.880626225490196 0.248125 0.06624754901960783 0.0812450980392157
20 0.649375 0.6937500000000001 0.026206896551724146 0.022456896551724115
12 0.903125 0.16875 0.12872844827586227 0.12747844827586205
01 0.53375 0.040625 0.054886363636363567 0.03613636363636363
03 0.848125 0.6425 0.06873579545454533 0.07748579545454537
04 0.303125 0.181875 0.04371951219512199 0.04121951219512199
08 0.38687499999999997 0.785625 0.19373214285714285 0.09373214285714282
