11 0.42625 0.771875 0.0624835526315789 0.07873355263157888
03 0.434375 0.313125 0.09874161073825505 0.08124161073825503
03 0.31125 0.195625 0.07995689655172417 0.08620689655172412
18 0.038125 0.30875 0.041244444444444445 0.0424944444444445
06 0.32125000000000004 0.498125 0.029988095238095258 0.058738095238095256
18 0.35062499999999996 0.534375 0.05124297752808987 0.05624297752808982
08 0.38812377450980395 0.691875 0.07124754901960789 0.07624509803921575
13 0.8512500000000001 0.5775 0.08245689655172417 0.05995689655172409
18 0.571875 0.900625 0.04872844827586209 0.05122844827586226
12 0.33375 0.795625 0.06738636363636363 0.07113636363636378
