03 0.301875 0.8512500000000001 0.016233552631578996 0.02498355263157881
06 0.909375 0.29500000000000004 0.01624161073825492 0.05499161073825504
07 0.478125 0.46499999999999997 0.021206896551724086 0.019956896551724113
20 0.801875 0.48875 0.016244444444444284 0.014994444444444477
03 0.095625 0.5293749999999999 0.02873809523809523 0.023738095238095336
05 0.08875 0.61875 0.034992977528089886 0.01749297752808987
20 0.47187500000000004 0.631875 0.023745098039215706 0.018745098039215757
07 0.5425 0.6112500000000001 0.022456896551724115 0.022456896551724115
14 0.81 0.6225 0.014978448275862255 0.03747844827586211
10 0.419375 0.731875 0.013636363636363558 0.01363636363636378
13 0.110625 0.334375 0.06123579545454545 0.041235795454545476
04 0.074375 0.8631249999999999 0.023719512195121945 0.016219512195121966
08 0.665 0.3225 0.022482142857142784 0.03248214285714285
05 0.628125 0.774375 0.02873749999999997 0.02123750000000002
