20 0.335 0.099375 0.014983552631578911 0.013733552631578938
03 0.514375 0.89875 0.05374161073825501 0.042491610738254915
10 0.076875 0.04125 0.031206896551724136 0.03745689655172414
20 0.840625 0.35250000000000004 0.023744444444444346 0.024994444444444486
04 0.8868750000000001 0.9425 0.023738095238095114 0.027488095238095145
09 0.430625 0.934375 0.043742977528089866 0.023742977528089848
12 0.36375 0.268125 0.032495098039215686 0.04124509803921572
08 0.48375 0.4225 0.03745689655172413 0.01745689655172411
11 0.856875 0.33999999999999997 0.028728448275862184 0.034978448275862106
20 0.18625000000000003 0.605625 0.012386363636363668 0.016136363636363615
06 0.55 0.7725 0.047485795454545454 0.0649857954545453
