06 0.705 0.224375 0.02498355263157892 0.011233552631578964
08 0.09875 0.7581249999999999 0.042491610738255026 0.01624161073825492
03 0.15187499999999998 0.08812500000000001 0.033706896551724125 0.016206896551724123
06 0.628125 0.630625 0.008744444444444555 0.018744444444444452
03 0.790625 0.8 0.06873809523809515 0.04998809523809511
03 0.7537499999999999 0.540625 0.032492977528089884 0.018742977528089844
03 0.9675 0.09437499999999999 0.024995098039215735 0.02124509803921569
08 0.46625 0.93875 0.012456896551724106 0.014956896551724164
18 0.3 0.03937499999999999 0.014978448275862033 0.01622844827586207
03 0.911875 0.590625 0.013636363636363669 0.028636363636363682
13 0.5774999999999999 0.7275 0.01498579545454548 0.054985795454545294
04 0.185 0.740625 0.019969512195121997 0.018719512195122023
