08 0.5231250000000001 0.893125 0.01123355263157888 0.031233552631578898
18 0.48375 0.8775 0.014991610738255057 0.017491610738254892
03 0.025635775862068964 0.57125 0.011228448275862068 0.04495689655172408
07 0.2650013888888889 0.740625 0.0599972222222222 0.04124444444444442
10 0.22125 0.765625 0.02248809523809525 0.016238095238095163
01 0.785 0.835 0.019992977528089817 0.01749297752808987
07 0.8624987745098038 0.34187500000000004 0.07499754901960787 0.041245098039215666
03 0.936875 0.755625 0.016206896551724137 0.01370689655172419
17 0.455 0.18875 0.029978448275862046 0.029978448275862046
09 0.5856250000000001 0.106875 0.028636363636363682 0.028636363636363626
