06 0.501875 0.613125 0.01623355263157883 0.06623355263157893
20 0.05875 0.85375 0.02499161073825503 0.022491610738254897
03 0.7 0.28875 0.04245689655172413 0.014956896551724164
03 0.45499999999999996 0.673125 0.02999444444444449 0.026244444444444404
14 0.140625 0.179375 0.033738095238095234 0.018738095238095276
03 0.125 0.201875 0.017492977528089884 0.018742977528089844
08 0.7899987745098038 0.595 0.03499754901960783 0.0474950980392157
09 0.44437499999999996 0.9012500000000001 0.04620689655172411 0.032456896551724124
18 0.070625 0.656875 0.018728448275862057 0.021228448275862233
12 0.728125 0.4375 0.033636363636363686 0.037386363636363606
