02 0.451875 0.8200000000000001 0.021233552631578945 0.019983552631578916
20 0.5706249999999999 0.21187499999999998 0.013741610738254972 0.013741610738255056
08 0.475625 0.423125 0.016206896551724137 0.031206896551724095
20 0.5825 0.328125 0.022494444444444484 0.021244444444444455
15 0.443125 0.38125 0.013738095238095271 0.029988095238095258
00 0.295625 0.424375 0.021242977528089846 0.023742977528089848
03 0.715625 0.3525 0.02374509803921565 0.042495098039215695
06 0.62 0.436875 0.019956896551724057 0.013706896551724135
20 0.759375 0.14625 0.021228448275862233 0.019978448275862065
03 0.733125 0.94 0.028636363636363793 0.024886363636363762
11 0.77125 0.140625 0.019985795454545263 0.016235795454545454
