03 0.6087499999999999 0.015 0.019983552631578916 0.014983552631578946
04 0.211875 0.058750000000000004 0.023741610738255037 0.03499161073825503
14 0.052500000000000005 0.92125 0.024956896551724145 0.02745689655172412
14 0.0375 0.46187500000000004 0.024994444444444444 0.03624444444444447
18 0.32125000000000004 0.11374999999999999 0.017488095238095303 0.019988095238095235
09 0.243125 0.08687500000000001 0.03624297752808986 0.02374297752808989
03 0.29625 0.039375 0.01499509803921567 0.02374509803921569
03 0.051250000000000004 0.983125 0.022456896551724143 0.026206896551724146
15 0.79125 0.32875 0.04497844827586217 0.07497844827586209
03 0.36 0.078125 0.06988636363636358 0.05363636363636363
06 0.23125 0.6793750000000001 0.027485795454545464 0.02623579545454524
04 0.485625 0.693125 0.028719512195121977 0.018719512195122023
08 0.9325 0.2412455357142857 0.012482142857142886 0.014991071428571395
