06 0.2475 0.7125 0.04248355263157899 0.0674835526315789
15 0.431875 0.935625 0.033741610738255046 0.031241610738254932
18 0.36 0.71625 0.014956896551724108 0.01745689655172422
08 0.40375 0.593125 0.019994444444444537 0.02874444444444446
06 0.3275 0.674375 0.027488095238095256 0.09123809523809523
03 0.528125 0.77875 0.03124297752808991 0.047492977528089786
20 0.135625 0.881875 0.013745098039215697 0.011245098039215695
14 0.035 0.155 0.012456896551724137 0.024956896551724117
11 0.23375 0.68875 0.022478448275862067 0.022478448275862206
03 0.6555965909090908 0.9668749999999999 0.026193181818181865 0.028636363636363682
02 0.903125 0.174375 0.021235795454545348 0.03373579545454547
20 0.36687499999999995 0.719375 0.023719512195121972 0.018719512195122023
14 0.818125 0.125625 0.026232142857142815 0.04623214285714286
