20 0.9025000000000001 0.42 0.019983552631578916 0.019983552631578916
06 0.4625 0.173125 0.01749161073825506 0.07874161073825503
03 0.854375 0.11374999999999999 0.05620689655172417 0.02995689655172412
16 0.5625 0.32875 0.04499444444444456 0.02999444444444449
14 0.07875 0.50125 0.022488095238095224 0.017488095238095303
12 0.7925 0.8343750000000001 0.05999297752808985 0.043742977528089866
08 0.224375 0.969998774509804 0.021245098039215676 0.02749754901960777
04 0.41375 0.23375 0.02745689655172412 0.022456896551724143
09 0.6675 0.196875 0.02997844827586227 0.031228448275862075
15 0.6756249999999999 0.964375 0.026136363636363735 0.036136363636363744
01 0.084375 0.940625 0.013735795454545452 0.013735795454545285
15 0.405625 0.14625 0.03621951219512198 0.05996951219512195
08 0.6387499999999999 0.3225 0.05248214285714281 0.02498214285714284
00 0.40875 0.243125 0.0324875 0.03373750000000003
