03 0.33125 0.585 0.027483552631578978 0.037483552631578876
09 0.241875 0.184375 0.04374161073825503 0.06374161073825504
03 0.35062499999999996 0.80875 0.04620689655172411 0.03745689655172413
06 0.713125 0.6656249999999999 0.026244444444444293 0.10124444444444436
19 0.393125 0.27249999999999996 0.05373809523809525 0.049988095238095276
13 0.40625 0.7250000000000001 0.05999297752808985 0.06499297752808986
15 0.35562499999999997 0.46875 0.05624509803921568 0.04499509803921564
09 0.521875 0.23875000000000002 0.05370689655172417 0.04245689655172416
20 0.6475000000000001 0.289375 0.03747844827586211 0.028728448275862073
03 0.94125 0.6425000000000001 0.029886363636363766 0.1473863636363637
13 0.9450000000000001 0.68875 0.08248579545454537 0.04998579545454529
11 0.884375 0.816875 0.051219512195122 0.03871951219512204
