03 0.44 0.8625 0.022483552631578863 0.04248355263157888
02 0.83875 0.38875000000000004 0.04749161073825481 0.06499161073825505
05 0.7949999999999999 0.8625 0.032456896551724124 0.02745689655172412
12 0.753125 0.795625 0.061244444444444324 0.0362444444444443
04 0.3375 0.5675 0.024988095238095254 0.01498809523809519
04 0.930625 0.9612499999999999 0.03124297752808991 0.029992977528089937
06 0.25687499999999996 0.6925 0.05624509803921568 0.0474950980392157
05 0.504375 0.28312499999999996 0.0237068965517242 0.01870689655172414
09 0.44375 0.08124999999999999 0.034978448275862106 0.02997844827586206
03 0.514375 0.018125 0.04113636363636358 0.021136363636363634
