14 0.43625 0.07 0.03248355263157893 0.017483552631578955
08 0.813125 0.9918750000000001 0.021241610738254924 0.013741610738254972
10 0.8743749999999999 0.8325 0.02120689655172414 0.01745689655172411
08 0.614375 0.7875000000000001 0.016244444444444506 0.019994444444444315
07 0.829375 0.1125 0.0662380952380951 0.02998809523809523
06 0.07875175561797754 0.8518749999999999 0.027496488764044938 0.05124297752808993
10 0.674375 0.27625 0.05124509803921573 0.029995098039215684
06 0.8512607758620689 0.85875 0.024978448275862042 0.10245689655172407
03 0.48624999999999996 0.058750000000000004 0.03747844827586205 0.034978448275862065
01 0.55625 0.191875 0.014886363636363642 0.011136363636363666
05 0.36312500000000003 0.11875 0.018735795454545456 0.02998579545454548
05 0.900625 0.984375 0.016219512195121966 0.03121951219512198
03 0.5081249999999999 0.21437053571428571 0.02123214285714281 0.018741071428571426
