07 0.69125 0.105 0.057483552631578894 0.019983552631578944
18 0.58375 0.1225 0.009991610738255052 0.012491610738255055
09 0.719375 0.7737499999999999 0.016206896551724137 0.019956896551724168
10 0.530625 0.7112499999999999 0.016244444444444506 0.019994444444444315
03 0.681875 0.7418750000000001 0.021238095238095056 0.013738095238095105
05 0.980625 0.79625 0.016242977528089897 0.029992977528089826
18 0.08937500000000001 0.38187499999999996 0.016245098039215686 0.018745098039215702
20 0.22 0.49312500000000004 0.01745689655172411 0.013706896551724135
00 0.785 0.750625 0.022478448275862206 0.021228448275862233
20 0.29500000000000004 0.45625 0.014886363636363698 0.012386363636363584
03 0.628125 0.471875 0.0187357954545454 0.016235795454545454
18 0.639375 0.7925 0.016219512195121966 0.01746951219512205
03 0.45625000000000004 0.135 0.007482142857142826 0.03248214285714286
06 0.335625 0.721875 0.016237500000000016 0.026237500000000025
