03 0.419375 0.384375 0.016233552631578885 0.05873355263157892
14 0.479375 0.81375 0.03874161073825505 0.02999161073825496
17 0.53625 0.30874999999999997 0.03495689655172418 0.03995689655172413
04 0.19375 0.1125 0.03499444444444444 0.024994444444444458
06 0.135 0.73 0.02998809523809523 0.07498809523809513
06 0.8087500000000001 0.2575 0.032492977528089884 0.01749297752808987
06 0.370625 0.72 0.10124509803921572 0.02999509803921574
18 0.08687500000000001 0.784375 0.028706896551724134 0.03120689655172415
18 0.454375 0.7931250000000001 0.023728448275862013 0.026228448275862237
11 0.91625 0.33499999999999996 0.03488636363636366 0.03988636363636361
20 0.514375 0.049375 0.02123579545454546 0.016235795454545447
06 0.5625 0.688125 0.004969512195121872 0.08371951219512197
03 0.8456250000000001 0.856875 0.03873214285714288 0.03123214285714282
