03 0.624375 0.12375 0.026233552631578894 0.027483552631578922
08 0.54 0.93625 0.012491610738254999 0.022491610738254897
15 0.3325 0.940625 0.019956896551724113 0.018706896551724195
09 0.97375 0.596875 0.037494444444444275 0.033744444444444466
08 0.73375 0.811875 0.01498809523809519 0.016238095238095163
04 0.893125 0.10500000000000001 0.023742977528089848 0.017492977528089884
10 0.501875 0.930625 0.026245098039215653 0.018745098039215757
04 0.5706249999999999 0.910625 0.02120689655172414 0.018706896551724084
14 0.42625 0.8125 0.02247844827586204 0.024978448275862153
02 0.733125 0.709375 0.03863636363636369 0.033636363636363686
03 0.93875 0.82625 0.02498579545454538 0.06998579545454531
03 0.1275 0.113125 0.03996951219512196 0.07121951219512196
11 0.270625 0.1325 0.02123214285714281 0.017482142857142863
