03 0.43937499999999996 0.849375 0.0337335526315789 0.026233552631578894
08 0.839375 0.34750000000000003 0.09874161073825494 0.047491610738255086
18 0.25937499999999997 0.806875 0.021206896551724114 0.0237068965517242
20 0.89625 0.950625 0.017494444444444368 0.016244444444444395
03 0.7175 0.34750000000000003 0.04998809523809511 0.03498809523809526
01 0.37312500000000004 0.56375 0.03624297752808986 0.02499297752808982
03 0.23375 0.24562499999999998 0.04499509803921567 0.03624509803921569
20 0.79 0.38625 0.019956896551724168 0.019956896551724113
10 0.308125 0.815 0.028728448275862073 0.022478448275862206
08 0.721875 0.125 0.04113636363636375 0.03738636363636362
03 0.611875 0.33999999999999997 0.043735795454545534 0.012485795454545479
05 0.253125 0.291875 0.03121951219512198 0.038719512195121986
