08 0.385 0.135625 0.014983552631578911 0.053733552631578946
16 0.56125 0.10250000000000001 0.022491610738255008 0.04499161073825504
09 0.63375 0.479375 0.039956896551724186 0.028706896551724093
03 0.5393749999999999 0.17562499999999998 0.04624444444444442 0.018744444444444425
03 0.018125000000000002 0.34125 0.02373809523809524 0.03248809523809526
06 0.378125 0.6737500000000001 0.008742977528089835 0.0674929775280898
05 0.27375 0.256875 0.01999509803921573 0.043745098039215696
10 0.7625 0.911875 0.019956896551724168 0.0237068965517242
10 0.076875 0.171875 0.028728448275862073 0.02622844827586207
06 0.0512784090909091 0.781875 0.02994318181818182 0.06613636363636366
09 0.68875 0.199375 0.03248579545454533 0.041235795454545476
03 0.06562499999999999 0.833125 0.03371951219512194 0.02121951219512197
