01 0.084375 0.348125 0.03373355263157894 0.0337335526315789
08 0.9624999999999999 0.1 0.0274916107382549 0.017491610738255045
08 0.2175 0.046875 0.057456896551724146 0.05370689655172414
03 0.769375 0.254375 0.023744444444444346 0.048744444444444424
16 0.38249999999999995 0.39 0.049988095238095276 0.06748809523809529
03 0.91125 0.80875 0.03499297752808994 0.039992977528089835
00 0.639375 0.57125 0.05124509803921573 0.04999509803921576
03 0.6475 0.44 0.04495689655172408 0.06745689655172415
10 0.143125 0.299375 0.04622844827586205 0.03122844827586202
08 0.473125 0.105 0.021136363636363564 0.07988636363636362
01 0.058125 0.28437500000000004 0.02873579545454545 0.02373579545454546
18 0.215625 0.073125 0.03121951219512198 0.033719512195121946
03 0.33625000000000005 0.67875 0.02248214285714284 0.06498214285714277
08 0.40625 0.7725 0.07998749999999999 0.06748750000000003
