18 0.9612499999999999 0.3375 0.01748355263157897 0.01998355263157886
05 0.379375 0.051875 0.01624161073825503 0.03124161073825503
05 0.68625 0.20875 0.039956896551724075 0.017456896551724138
03 0.5881263888888888 0.69375 0.011247222222222297 0.022494444444444373
13 0.97125 0.731875 0.044988095238095105 0.04623809523809508
10 0.351875 0.878125 0.023742977528089848 0.023742977528089848
08 0.7350000000000001 0.45687500000000003 0.032495098039215686 0.043745098039215724
03 0.28125 0.12 0.07745689655172414 0.032456896551724124
10 0.630625 0.10500000000000001 0.04122844827586214 0.02997844827586206
14 0.86375 0.073125 0.019886363636363757 0.021136363636363634
11 0.5956250000000001 0.9099999999999999 0.02873579545454541 0.019985795454545374
03 0.9043749999999999 0.27625 0.026219512195121975 0.024969512195122
06 0.33625 0.505625 0.014982142857142833 0.026232142857142815
