03 0.89 0.583125 0.03248355263157898 0.013733552631578938
09 0.58875 0.101875 0.04499161073825508 0.016241610738255044
08 0.361875 0.690625 0.043706896551724106 0.018706896551724195
14 0.566875 0.29875 0.04624444444444453 0.019994444444444426
14 0.329375 0.9199999999999999 0.026238095238095227 0.044988095238095105
13 0.7250000000000001 0.123125 0.04249297752808989 0.09374297752808988
14 0.1875 0.1575 0.054995098039215706 0.027495098039215682
03 0.4175 0.723125 0.019956896551724113 0.03120689655172415
11 0.5525 0.5418750000000001 0.0274784482758621 0.02372844827586207
03 0.271875 0.7250000000000001 0.02613636363636368 0.057386363636363735
04 0.27625 0.785625 0.03248579545454544 0.0287357954545453
