19 0.84375 0.5506249999999999 0.03498355263157893 0.04123355263157891
09 0.8456250000000001 0.86125 0.01624161073825492 0.042491610738254915
08 0.461875 0.773114224137931 0.053706896551724115 0.043728448275862086
02 0.6950000000000001 0.876875 0.03499444444444444 0.033744444444444355
11 0.861875 0.36624999999999996 0.03623809523809507 0.029988095238095258
14 0.0575 0.939375 0.02249297752808989 0.05874297752808988
08 0.06625 0.39875 0.01999509803921569 0.03749509803921569
09 0.385625 0.46125000000000005 0.028706896551724093 0.034956896551724126
06 0.104375 0.379375 0.021228448275862066 0.10372844827586208
05 0.5306249999999999 0.41000000000000003 0.02113636363636362 0.04488636363636361
03 0.3175 0.034375 0.012485795454545423 0.03623579545454545
