03 0.08374999999999999 0.413125 0.052483552631578945 0.02123355263157889
10 0.77125 0.215 0.01999161073825495 0.01999161073825506
04 0.34625 0.8400000000000001 0.019956896551724168 0.022456896551724115
04 0.7537499999999999 0.953125 0.017494444444444368 0.018744444444444452
11 0.93875 0.178125 0.02248809523809514 0.026238095238095283
09 0.06937499999999999 0.96875 0.026242977528089892 0.014992977528089924
20 0.18625 0.443125 0.019995098039215675 0.0162450980392157
06 0.15812500000000002 0.87625 0.01620689655172411 0.024956896551724173
15 0.375625 0.86 0.021228448275862066 0.01997844827586226
10 0.573125 0.534375 0.016136363636363615 0.013636363636363558
14 0.626875 0.005625 0.02123579545454546 0.011235795454545453
07 0.941875 0.13 0.03871951219512204 0.01496951219512195
03 0.9493750000000001 0.11874553571428573 0.008732142857142855 0.012491071428571435
04 0.941875 0.910625 0.02123750000000002 0.018737500000000074
