13 0.7381249999999999 0.35562499999999997 0.07123355263157893 0.07623355263157894
11 0.8668750000000001 0.5387500000000001 0.03374161073825499 0.024991610738254955
12 0.8106249999999999 0.800625 0.043706896551724106 0.046206896551724164
03 0.15875 0.08687500000000001 0.039994444444444444 0.023744444444444457
03 0.276875 0.7112499999999999 0.016238095238095274 0.054988095238095114
12 0.9425 0.8725 0.0474929775280899 0.047492977528089786
06 0.62875 0.52875 0.017495098039215673 0.07999509803921573
03 0.73 0.37625 0.029956896551724066 0.024956896551724117
03 0.906875 0.59625 0.026228448275862126 0.037478448275862
14 0.410625 0.348125 0.016136363636363615 0.028636363636363626
05 0.209375 0.235 0.038735795454545474 0.019985795454545457
