03 0.486875 0.934375 0.023733552631578947 0.031233552631578898
00 0.646875 0.76375 0.021241610738254924 0.022491610738254897
13 0.365625 0.22499999999999998 0.031206896551724095 0.05745689655172412
03 0.94375 0.9237500000000001 0.01499444444444431 0.014994444444444421
03 0.400625 0.35062499999999996 0.021238095238095278 0.02373809523809528
07 0.875625 0.12687500000000002 0.028742977528089853 0.04124297752808989
07 0.859375 0.018125 0.018745098039215646 0.028745098039215686
18 0.080625 0.700625 0.016206896551724137 0.018706896551724195
04 0.18937500000000002 0.924375 0.02372844827586204 0.018728448275862175
10 0.63125 0.9056249999999999 0.01738636363636359 0.016136363636363726
06 0.83375 0.843125 0.062485795454545245 0.006235795454545334
06 0.8768750000000001 0.7975 0.018719512195121912 0.02746951219512206
03 0.12562500000000001 0.37375 0.02123214285714288 0.03248214285714285
