14 0.96375 0.6168750000000001 0.03498355263157893 0.031233552631578898
15 0.3 0.431875 0.024991610738255066 0.013741610738255083
03 0.194375 0.981875 0.01870689655172414 0.018706896551724195
12 0.245 0.8062499999999999 0.03249444444444441 0.047494444444444395
03 0.675625 0.339375 0.016238095238095163 0.028738095238095285
00 0.750625 0.16125 0.028742977528089853 0.02499297752808985
11 0.951875 0.391875 0.028745098039215655 0.023745098039215706
20 0.9875107758620689 0.16625 0.022478448275862095 0.022456896551724143
04 0.313125 0.7075 0.02372844827586207 0.02747844827586221
03 0.209375 0.81625 0.018636363636363673 0.039886363636363775
