04 0.8300000000000001 0.469375 0.027483552631578978 0.026233552631578894
06 0.471875 0.909375 0.06124161073825507 0.011241610738254915
07 0.603125 0.905 0.06870689655172413 0.049956896551724084
15 0.045 0.13 0.034994444444444446 0.024994444444444444
04 0.1625 0.155625 0.029988095238095258 0.03123809523809526
20 0.81125 0.569375 0.01749297752808987 0.018742977528089844
07 0.18375 0.6481250000000001 0.027495098039215682 0.026245098039215597
13 0.968125 0.256875 0.028706896551724093 0.06370689655172415
03 0.358125 0.43062500000000004 0.013728448275862115 0.05372844827586204
03 0.825625 0.663125 0.02363636363636379 0.011136363636363722
09 0.24812499999999998 0.343125 0.01373579545454548 0.03373579545454547
