03 0.4475 0.414375 0.08998355263157887 0.05373355263157886
01 0.489375 0.47 0.018741610738255088 0.014991610738255001
20 0.145625 0.395625 0.033706896551724125 0.026206896551724146
03 0.903125 0.246875 0.01874444444444434 0.04624444444444442
03 0.26625 0.5075000000000001 0.027488095238095256 0.054988095238095336
10 0.611875 0.080625 0.03874297752808975 0.043742977528089894
11 0.749375 0.41874999999999996 0.038745098039215664 0.02499509803921568
06 0.3275 0.7275 0.0724568965517241 0.057456896551724146
03 0.8025 0.901875 0.03497844827586216 0.05122844827586226
07 0.3425 0.6325000000000001 0.07988636363636364 0.07238636363636364
07 0.8325 0.200625 0.04748579545454534 0.06873579545454545
12 0.1075 0.64625 0.054969512195121945 0.07246951219512199
14 0.334375 0.5525 0.028732142857142817 0.022482142857142895
20 0.19125 0.5700000000000001 0.024987499999999996 0.027487499999999998
