06 0.026875000000000003 0.22062500000000002 0.021233552631578948 0.10123355263157899
03 0.5793770973154362 0.16875 0.021245805369127457 0.02749161073825504
06 0.06751077586206897 0.6725 0.06997844827586205 0.009956896551724048
11 0.12875 0.398125 0.03249444444444445 0.03124444444444452
20 0.769375 0.435625 0.016238095238095163 0.016238095238095274
10 0.9862500000000001 0.55125 0.014992977528089813 0.012492977528089866
07 0.644375 0.823125 0.02624509803921571 0.03624509803921572
18 0.43875 0.41812499999999997 0.019956896551724113 0.021206896551724086
05 0.76 0.68875 0.02747844827586221 0.014978448275862255
18 0.070625 0.934375 0.01863636363636363 0.02113636363636373
12 0.46187500000000004 0.249375 0.03373579545454547 0.03623579545454547
