04 0.276875 0.0125 0.028733552631579007 0.019983552631578947
03 0.22562500000000002 0.49812500000000004 0.021241610738255062 0.018741610738255032
14 0.46875 0.914375 0.02745689655172412 0.05870689655172412
18 0.17875 0.528125 0.019994444444444426 0.02124444444444451
14 0.891875 0.125 0.04373809523809513 0.022488095238095238
03 0.30374999999999996 0.669375 0.024992977528089877 0.03374297752808986
03 0.053125 0.115625 0.04374509803921568 0.046245098039215685
02 0.8475 0.6812499999999999 0.024956896551724173 0.05245689655172414
06 0.8868750000000001 0.081875 0.046228448275862255 0.07372844827586206
03 0.816875 0.13124999999999998 0.018636363636363784 0.029886363636363628
12 0.61 0.8356250000000001 0.03498579545454539 0.03873579545454542
15 0.10875000000000001 0.44375 0.007469512195121944 0.022469512195122
