06 0.328125 0.24812499999999998 0.05123355263157897 0.011233552631578964
03 0.459375 0.10500000000000001 0.04124161073825505 0.027491610738255054
20 0.38 0.713125 0.024956896551724173 0.026206896551724146
08 0.738125 0.4443736111111112 0.06624444444444433 0.07874722222222225
06 0.9750029761904762 0.915625 0.04749404761904763 0.03623809523809518
20 0.76125 0.023125 0.022492977528089875 0.01624297752808989
03 0.91125 0.8981250000000001 0.06499509803921577 0.028745098039215766
01 0.55375 0.735625 0.012456896551724106 0.011206896551724133
18 0.60625 0.020625000000000004 0.01747844827586198 0.021228448275862073
03 0.745625 0.015625 0.03113636363636374 0.031136363636363636
01 0.168125 0.328125 0.026235795454545463 0.018735795454545512
