03 0.046875 0.879375 0.053733552631578946 0.05873355263157887
17 0.5700000000000001 0.6925 0.04749161073825514 0.04499161073825486
14 0.686875 0.821875 0.036206896551724155 0.04870689655172411
10 0.464375 0.790625 0.031244444444444464 0.031244444444444408
10 0.8206249999999999 0.905 0.023738095238095114 0.019988095238095083
01 0.176875 0.64125 0.028742977528089853 0.024992977528089932
15 0.65625 0.6018749999999999 0.017495098039215673 0.026245098039215597
08 0.700625 0.464375 0.06120689655172418 0.06370689655172412
03 0.565 0.26125 0.06497844827586208 0.04747844827586206
08 0.766875 0.11875 0.026136363636363735 0.01738636363636363
15 0.5175000000000001 0.7075 0.054985795454545516 0.04248579545454534
15 0.728125 0.273125 0.028719512195122032 0.04871951219512197
