03 0.390625 0.566875 0.02873355263157895 0.031233552631578898
08 0.053125000000000006 0.044375 0.043741610738255034 0.021241610738255028
01 0.8356250000000001 0.495625 0.018706896551724195 0.018706896551724084
16 0.6487499999999999 0.06125 0.04249444444444439 0.029994444444444435
07 0.8056279761904762 0.171875 0.03374404761904759 0.04373809523809524
14 0.196875 0.30374999999999996 0.031242977528089855 0.03999297752808989
18 0.138125 0.9537500000000001 0.018745098039215702 0.022495098039215677
04 0.760625 0.48 0.026206896551724146 0.024956896551724117
15 0.050624999999999996 0.8875 0.03872844827586207 0.06747844827586225
19 0.684375 0.76875 0.026136363636363735 0.03488636363636377
14 0.17375000000000002 0.76625 0.019985795454545457 0.017485795454545316
07 0.41000762195121954 0.589375 0.03248475609756102 0.02121951219512197
06 0.7775 0.3375 0.07748214285714283 0.02998214285714279
19 0.123125 0.21000000000000002 0.0312375 0.01998750000000002
