18 0.253125 0.8206249999999999 0.021233552631578972 0.023733552631578836
07 0.685 0.0325 0.014991610738254946 0.05749161073825503
13 0.06375 0.9312499999999999 0.05745689655172413 0.08245689655172417
13 0.279375 0.8674999999999999 0.04624444444444442 0.10249444444444433
07 0.7418750000000001 0.37187499999999996 0.01873809523809522 0.06123809523809526
06 0.6174999999999999 0.37499824438202245 0.1299929775280898 0.039996488764044935
06 0.395625 0.15375 0.021245098039215704 0.03499509803921569
03 0.47625000000000006 0.635 0.05995689655172415 0.019956896551724057
03 0.59125 0.075625 0.03497844827586205 0.04872844827586206
04 0.681875 0.31124999999999997 0.043636363636363695 0.039886363636363664
06 0.023124999999999996 0.65625 0.038735795454545446 0.022485795454545432
