07 0.7687541118421053 0.16812500000000002 0.02999177631578942 0.07123355263157896
06 0.1775 0.72375 0.044991610738255056 0.059991610738254986
18 0.381875 0.44999999999999996 0.016206896551724137 0.019956896551724113
18 0.733125 0.974375 0.016244444444444395 0.01874444444444434
18 0.5875 0.474375 0.019988095238095305 0.02373809523809528
20 0.8625 0.7931250000000001 0.03499297752808983 0.036242977528089804
12 0.52125 0.65875 0.0449950980392157 0.04499509803921564
12 0.273125 0.3075 0.05870689655172412 0.049956896551724084
06 0.901875 0.8656250000000001 0.011228448275862224 0.09872844827586225
08 0.6305965909090909 0.239375 0.026193181818181865 0.03613636363636366
14 0.426875 0.8043750000000001 0.04373579545454542 0.021235795454545348
06 0.4275 0.698125 0.027469512195121948 0.07371951219512196
06 0.599375 0.042499999999999996 0.0637321428571429 0.047482142857142855
