02 0.391875 0.494375 0.13123355263157893 0.08373355263157883
11 0.755 0.1925 0.06249161073825493 0.052491610738255035
15 0.16999999999999998 0.538125 0.04745689655172411 0.026206896551724146
01 0.7106250000000001 0.061875 0.02874444444444435 0.031244444444444436
13 0.8987529761904762 0.7887500000000001 0.1524940476190475 0.07498809523809513
04 0.1075 0.410625 0.05999297752808988 0.043742977528089866
13 0.5325 0.143125 0.08499509803921573 0.16374509803921566
13 0.19438577586206895 0.740625 0.20372844827586206 0.07120689655172407
14 0.934375 0.16749999999999998 0.05122844827586215 0.07247844827586206
08 0.49312500000000004 0.7362500000000001 0.05113636363636359 0.039886363636363664
20 0.8625 0.505 0.04748579545454534 0.0399857954545455
03 0.34625 0.250625 0.04246951219512196 0.04371951219512199
08 0.185625 0.3025 0.04373214285714283 0.029982142857142846
