06 0.161875 0.058750000000000004 0.05873355263157895 0.04248355263157895
03 0.606875 0.084375 0.05874161073825512 0.031241610738255043
03 0.27875000000000005 0.95375 0.034956896551724126 0.03745689655172413
01 0.8143750000000001 0.296875 0.02874444444444435 0.018744444444444452
06 0.31 0.194375 0.04998809523809522 0.06623809523809526
14 0.4925 0.02625 0.03499297752808983 0.034992977528089886
20 0.90625 0.30562500000000004 0.024995098039215735 0.026245098039215653
09 0.575625 0.7418750000000001 0.03120689655172415 0.026206896551724035
15 0.40437500000000004 0.6656249999999999 0.03622844827586208 0.036228448275862246
03 0.953125 0.39625 0.03113636363636374 0.037386363636363606
03 0.775 0.385625 0.02498579545454538 0.026235795454545463
08 0.483125 0.071875 0.013719512195121963 0.031219512195121944
04 0.35625 0.8143750000000001 0.029982142857142846 0.018732142857142864
