02 0.62 0.411875 0.06998355263157885 0.1012335526315789
01 0.68875 0.53375 0.03749161073825491 0.022491610738255008
14 0.33125 0.351875 0.07995689655172411 0.04870689655172411
11 0.061875 0.40812499999999996 0.061244444444444456 0.03624444444444447
11 0.675625 0.676875 0.06123809523809509 0.048738095238095136
09 0.308125 0.245 0.13624297752808986 0.05999297752808985
04 0.49250000000000005 0.801875 0.05999509803921571 0.05124509803921562
01 0.414375 0.3625 0.08870689655172415 0.08495689655172411
00 0.48875 0.8300000000000001 0.049978448275862064 0.029978448275862157
15 0.34 0.40625 0.027386363636363598 0.03988636363636355
