03 0.6799999999999999 0.275 0.019983552631578916 0.11998355263157895
08 0.9212499999999999 0.8325 0.0274916107382549 0.03999161073825497
20 0.42125 0.77125 0.019956896551724113 0.014956896551724164
14 0.37312500000000004 0.54 0.03624444444444447 0.0374944444444445
18 0.074375 0.669375 0.02373809523809524 0.02623809523809506
03 0.18125000000000002 0.860625 0.032492977528089856 0.026242977528089906
10 0.4475 0.424375 0.032495098039215686 0.03374509803921566
01 0.7893749999999999 0.17125 0.026206896551724035 0.024956896551724145
13 0.414375 0.17625000000000002 0.18122844827586204 0.08497844827586207
08 0.50375 0.339375 0.047386363636363615 0.04863636363636359
08 0.041874999999999996 0.058124999999999996 0.06123579545454545 0.01873579545454545
08 0.169375 0.846875 0.04871951219512197 0.05871951219512195
10 0.11125 0.65125 0.029982142857142874 0.022482142857142895
