08 0.6425 0.393125 0.057483552631578894 0.05373355263157886
14 0.28437500000000004 0.5393749999999999 0.013741610738255028 0.043741610738255
20 0.48250000000000004 0.7168749999999999 0.02995689655172412 0.028706896551724204
12 0.12687500000000002 0.335 0.06624444444444447 0.05999444444444446
06 0.429375 0.72 0.041238095238095296 0.1074880952380951
11 0.5425 0.934375 0.04249297752808978 0.043742977528089866
10 0.156875 0.861875 0.03874509803921569 0.036245098039215606
05 0.281875 0.45687500000000003 0.043706896551724106 0.041206896551724104
03 0.35062499999999996 0.09812499999999999 0.04622844827586209 0.026228448275862057
14 0.561875 0.9725 0.018636363636363562 0.03238636363636371
13 0.290625 0.88375 0.1612357954545455 0.11998579545454535
07 0.5793826219512195 0.92125 0.041234756097561 0.04996951219512202
09 0.38312500000000005 0.60875 0.04373214285714283 0.05998214285714276
06 0.375628125 0.87875 0.06374374999999999 0.13498750000000004
