05 0.7749999999999999 0.941875 0.009983552631578907 0.023733552631578947
12 0.1325 0.14875 0.022491610738255036 0.02749161073825504
06 0.04187500000000001 0.4375 0.04620689655172415 0.049956896551724084
06 0.47875 0.749375 0.022494444444444484 0.01124444444444439
07 0.46437797619047616 0.345 0.021244047619047635 0.014988095238095245
03 0.28812499999999996 0.168125 0.02624297752808985 0.05624297752808988
04 0.731875 0.255 0.021245098039215704 0.017495098039215673
04 0.7281249999999999 0.7268749999999999 0.02120689655172414 0.02120689655172414
14 0.7581249999999999 0.37375 0.011228448275862113 0.06747844827586208
01 0.478125 0.989375 0.01613636363636356 0.011136363636363722
04 0.4625 0.258125 0.022485795454545487 0.018735795454545484
