05 0.690625 0.49375 0.016233552631578885 0.027483552631578922
03 0.77875 0.108125 0.029991610738254848 0.04124161073825505
10 0.511875 0.934375 0.028706896551724093 0.02120689655172414
01 0.441875 0.5618749999999999 0.008744444444444499 0.011244444444444501
04 0.304375 0.643125 0.021238095238095278 0.01873809523809522
07 0.955625 0.8400000000000001 0.028742977528089853 0.0524929775280899
03 0.773125 0.28625 0.0162450980392157 0.027495098039215682
10 0.144375 0.18625 0.02120689655172414 0.022456896551724115
10 0.075625 0.815 0.018728448275862064 0.0174784482758622
03 0.933125 0.085625 0.008636363636363775 0.01863636363636363
20 0.6793750000000001 0.6387499999999999 0.023735795454545294 0.019985795454545374
20 0.925 0.16875 0.019969512195121997 0.022469512195121943
