12 0.85125 0.32687499999999997 0.057483552631578894 0.051233552631578916
05 0.763125 0.6993750000000001 0.02374161073825498 0.04874161073825489
06 0.38188577586206895 0.71625 0.043728448275862086 0.03495689655172407
06 0.9350013888888888 0.200625 0.027497222222222173 0.15624444444444444
14 0.530625 0.39749999999999996 0.021238095238095278 0.03498809523809526
05 0.575 0.521875 0.0524929775280899 0.0312429775280898
04 0.28874999999999995 0.6475 0.0449950980392157 0.027495098039215682
11 0.285625 0.09062499999999998 0.04370689655172416 0.03370689655172414
03 0.855 0.031875 0.032478448275862215 0.036228448275862066
14 0.618125 0.36625 0.04863636363636359 0.04238636363636361
