06 0.11249999999999999 0.880625 0.04248355263157892 0.07123355263157882
14 0.04 0.425 0.024991610738255027 0.024991610738255066
15 0.3875 0.58125 0.022456896551724115 0.022456896551724115
03 0.881875 0.986876388888889 0.008744444444444333 0.0262472222222222
03 0.38187499999999996 0.046875 0.02373809523809528 0.018738095238095234
06 0.511875 0.414375 0.006242977528089888 0.028742977528089853
14 0.6231249999999999 0.54 0.03374509803921566 0.01999509803921573
08 0.8512500000000001 0.268125 0.014956896551724053 0.01370689655172408
12 0.556875 0.5662499999999999 0.036228448275862135 0.03497844827586205
14 0.238125 0.90375 0.0511363636363637 0.0173863636363637
09 0.200625 0.114375 0.02123579545454546 0.026235795454545463
