20 0.5787500000000001 0.059375000000000004 0.019983552631578916 0.02123355263157896
03 0.8831249999999999 0.96375 0.01624161073825492 0.014991610738254835
15 0.344375 0.605 0.016206896551724137 0.03745689655172413
00 0.58 0.614375 0.01749444444444448 0.013744444444444559
18 0.35 0.43625 0.014988095238095245 0.017488095238095303
03 0.96875 0.888125 0.049992977528089844 0.03124297752808991
03 0.88125 0.579375 0.024995098039215735 0.031245098039215713
10 0.14625 0.468125 0.017456896551724138 0.016206896551724137
01 0.193125 0.8825000000000001 0.011228448275862057 0.00997844827586214
06 0.6681250000000001 0.855625 0.028636363636363682 0.011136363636363722
10 0.264375 0.43937499999999996 0.011235795454545505 0.013735795454545452
04 0.49312500000000004 0.039999999999999994 0.021219512195122026 0.02246951219512195
15 0.053125000000000006 0.34562499999999996 0.008732142857142848 0.01623214285714286
08 0.8175 0.505 0.0324875 0.034987500000000005
