08 0.428125 0.6768749999999999 0.021233552631578945 0.04123355263157891
04 0.348125 0.229375 0.03874161073825505 0.033741610738255046
15 0.18625 0.628125 0.01745689655172411 0.04120689655172416
18 0.92125 0.28125 0.03499444444444433 0.037494444444444386
09 0.49125 0.60375 0.05748809523809528 0.03498809523809521
15 0.048125 0.595 0.07124297752808989 0.03499297752808983
04 0.775 0.164375 0.049995098039215646 0.043745098039215696
09 0.65625 0.5856250000000001 0.032456896551724235 0.04620689655172405
12 0.69625 0.210625 0.10747844827586217 0.04622844827586206
03 0.7206250000000001 0.5925 0.0336363636363638 0.10988636363636362
08 0.895 0.09312500000000001 0.03248579545454533 0.07873579545454547
03 0.380625 0.215625 0.03621951219512198 0.023719512195122
03 0.5843750000000001 0.485625 0.028732142857142873 0.0662321428571428
18 0.485625 0.286875 0.031237499999999974 0.033737499999999976
