11 0.895625 0.5643750000000001 0.0362335526315789 0.031233552631578898
03 0.7424999999999999 0.884375 0.09249161073825485 0.04374161073825489
04 0.79 0.661875 0.04745689655172414 0.036206896551724155
11 0.26 0.736875 0.05249444444444443 0.033744444444444355
03 0.698125 0.421875 0.031238095238095065 0.031238095238095287
12 0.90875 0.354375 0.03749297752808978 0.04124297752808981
03 0.724375 0.6837500000000001 0.07124509803921564 0.14749509803921568
03 0.6725 0.43125 0.049956896551724084 0.0674568965517241
01 0.42375 0.29000000000000004 0.024978448275862042 0.017478448275862035
12 0.08125 0.65625 0.039886363636363636 0.06238636363636363
