01 0.5275000000000001 0.284375 0.08248355263157892 0.07373355263157891
04 0.44875 0.54 0.052491610738255035 0.034991610738255075
11 0.3275 0.401875 0.054956896551724144 0.07120689655172413
04 0.455 0.5025 0.06249444444444452 0.06749444444444447
03 0.685 0.055 0.04748809523809505 0.052488095238095236
19 0.45875 0.66375 0.05749297752808985 0.05999297752808985
06 0.06812499999999999 0.274375 0.023745098039215692 0.07874509803921567
01 0.30625 0.981875 0.034956896551724126 0.026206896551724035
01 0.349375 0.280625 0.07372844827586206 0.06372844827586205
14 0.109375 0.8668750000000001 0.08863636363636362 0.07363636363636383
