03 0.798125 0.064375 0.04123355263157891 0.053733552631578946
03 0.521875 0.23124999999999998 0.04374161073825511 0.04999161073825503
15 0.766260775862069 0.235625 0.029978448275862046 0.016206896551724137
14 0.563125 0.380625 0.036244444444444524 0.0662444444444445
12 0.144375 0.37124999999999997 0.046238095238095245 0.0799880952380953
14 0.47187500000000004 0.31625000000000003 0.03624297752808986 0.017492977528089815
06 0.33625122549019604 0.50375 0.05749754901960785 0.14999509803921574
06 0.90625 0.03937500000000001 0.019956896551724057 0.03870689655172414
03 0.43374999999999997 0.65 0.034978448275862106 0.024978448275862153
18 0.7268749999999999 0.249375 0.026136363636363735 0.028636363636363682
20 0.8981250000000001 0.55375 0.0187357954545454 0.012485795454545534
