19 0.321875 0.9325 0.031233552631578954 0.029983552631578814
03 0.40625 0.8525 0.01999161073825506 0.03749161073825491
01 0.489375 0.06625 0.04370689655172416 0.039956896551724144
01 0.758125 0.245 0.023744444444444346 0.01749444444444445
03 0.24125000000000002 0.21187499999999998 0.027488095238095284 0.036238095238095264
14 0.9681249999999999 0.7925 0.023742977528089848 0.02499297752808982
02 0.196875 0.25875000000000004 0.05374509803921568 0.029995098039215684
20 0.475 0.7125 0.02995689655172412 0.02745689655172412
06 0.751875 0.6231249999999999 0.021228448275862233 0.026228448275862015
20 0.79375 0.826875 0.032386363636363824 0.03113636363636374
