08 0.900625 0.234375 0.02123355263157889 0.043733552631578965
08 0.2656229026845638 0.9750000000000001 0.0062458053691274995 0.014991610738254946
09 0.074375 0.81 0.038706896551724136 0.049956896551724195
03 0.7987500000000001 0.5643750000000001 0.014994444444444421 0.03124444444444452
14 0.051250000000000004 0.90875 0.034988095238095235 0.029988095238095203
03 0.978125 0.673125 0.04124297752808981 0.043742977528089866
08 0.12312622549019608 0.156875 0.02374754901960785 0.021245098039215676
08 0.436875 0.7518750000000001 0.023706896551724144 0.0337068965517241
05 0.8887499999999999 0.610625 0.024978448275862264 0.03122844827586202
03 0.49312500000000004 0.29312499999999997 0.028636363636363626 0.01613636363636367
