07 0.24 0.4287458881578947 0.01998355263157897 0.05249177631578944
13 0.5425 0.42374999999999996 0.04499161073825508 0.13749161073825505
18 0.598125 0.621875 0.0237068965517242 0.026206896551724146
04 0.8025 0.8500000000000001 0.029994444444444435 0.019994444444444315
03 0.8512500000000001 0.74125 0.054988095238095114 0.02998809523809509
02 0.9550000000000001 0.6225 0.019992977528089928 0.06499297752808986
14 0.069375 0.6031249999999999 0.0387450980392157 0.031245098039215713
08 0.84125 0.660625 0.04245689655172413 0.03120689655172415
06 0.5387500000000001 0.56 0.02747844827586199 0.01747844827586198
04 0.740625 0.47562499999999996 0.033636363636363686 0.03363636363636363
