02 0.05625 0.853125 0.04498355263157895 0.033733552631578956
06 0.103125 0.580625 0.016241610738255044 0.09874161073825505
02 0.70875 0.9293750000000001 0.029956896551724066 0.07120689655172419
13 0.44625 0.91 0.03249444444444449 0.09749444444444433
05 0.7024999999999999 0.44 0.02248809523809514 0.037488095238095265
11 0.485 0.4075 0.029992977528089826 0.027492977528089824
11 0.745 0.46562499999999996 0.027495098039215682 0.02874509803921571
00 0.95875 0.395625 0.02745689655172412 0.023706896551724088
20 0.058124999999999996 0.1875 0.018728448275862057 0.01747844827586209
19 0.339375 0.7793749999999999 0.02613636363636357 0.026136363636363735
15 0.433125 0.144375 0.013735795454545452 0.03373579545454547
