04 0.28875 0.5249999999999999 0.027483552631578978 0.029983552631578925
15 0.886875 0.881875 0.013741610738254861 0.028741610738254875
14 0.8218749999999999 0.235 0.03120689655172415 0.017456896551724138
20 0.31125 0.8043750000000001 0.022494444444444484 0.01874444444444434
15 0.460625 0.486875 0.031238095238095287 0.03873809523809524
03 0.255 0.35062499999999996 0.022492977528089875 0.031242977528089855
07 0.764375 0.25375000000000003 0.04124509803921572 0.01499509803921567
15 0.786875 0.7518750000000001 0.02120689655172414 0.05120689655172417
01 0.27249999999999996 0.22062500000000002 0.027478448275862044 0.028728448275862045
04 0.379375 0.030625 0.028636363636363626 0.023636363636363636
03 0.913125 0.3075 0.0337357954545453 0.012485795454545423
08 0.8825000000000001 0.66875 0.047469512195121966 0.014969512195121992
03 0.625625 0.58125 0.02373214285714287 0.03248214285714279
