17 0.7893749999999999 0.948125 0.02123355263157889 0.02873355263157884
03 0.09 0.60125 0.017491610738255045 0.014991610738255057
08 0.08625 0.740625 0.022456896551724143 0.018706896551724084
06 0.616875 0.26375 0.0787444444444445 0.049994444444444425
12 0.343125 0.51875 0.046238095238095245 0.03998809523809521
12 0.21125 0.5306249999999999 0.02749297752808985 0.03374297752808986
10 0.435 0.6481250000000001 0.014995098039215726 0.018745098039215757
14 0.351875 0.44937499999999997 0.028706896551724093 0.01870689655172414
09 0.144375 0.480625 0.02372844827586207 0.02372844827586207
15 0.933125 0.625625 0.028636363636363793 0.016136363636363615
05 0.7793749999999999 0.546875 0.0187357954545454 0.023735795454545405
