01 0.03125 0.5425 0.02748355263157895 0.017483552631578858
08 0.07875209731543624 0.35375 0.03749580536912752 0.04749161073825503
14 0.218125 0.275625 0.033706896551724125 0.0337068965517241
03 0.37 0.100625 0.027494444444444488 0.04874444444444445
08 0.86375 0.703125 0.012488095238095132 0.028738095238095118
09 0.5475 0.6575 0.03749297752808989 0.02749297752808988
03 0.43625 0.406875 0.027495098039215737 0.018745098039215702
18 0.7581249999999999 0.460625 0.02120689655172414 0.023706896551724088
07 0.32499999999999996 0.249375 0.04747844827586206 0.03872844827586208
03 0.391875 0.04875 0.028636363636363626 0.03488636363636363
03 0.51875 0.895 0.02498579545454549 0.037485795454545334
