06 0.735625 0.355 0.01123355263157888 0.017483552631578914
10 0.15000000000000002 0.89375 0.02749161073825504 0.024991610738254955
07 0.05 0.364375 0.01245689655172414 0.06120689655172412
14 0.9568749999999999 0.879375 0.016244444444444395 0.0212444444444444
04 0.36875 0.70375 0.014988095238095245 0.019988095238095083
03 0.798125 0.9225 0.018742977528089844 0.024992977528089932
06 0.36375 0.773125 0.027495098039215682 0.0162450980392157
03 0.25625 0.1525 0.017456896551724166 0.019956896551724113
12 0.7718750000000001 0.90625 0.028728448275862184 0.022478448275862206
06 0.0325 0.583125 0.009886363636363638 0.026136363636363624
04 0.93125 0.358125 0.017485795454545316 0.01623579545454551
15 0.1343673780487805 0.5212423780487805 0.02123475609756098 0.019984756097561007
