15 0.95375 0.395 0.04998355263157883 0.02498355263157892
20 0.24062499999999998 0.7725 0.031241610738255016 0.022491610738254897
14 0.504375 0.551875 0.05870689655172412 0.02120689655172403
04 0.11125 0.14937499999999998 0.03499444444444447 0.02624444444444443
00 0.6312499999999999 0.5025000000000001 0.029988095238095203 0.022488095238095307
19 0.7625 0.91875 0.04499297752808984 0.019992977528089928
06 0.6825 0.08312377450980393 0.11499509803921559 0.033747549019607845
04 0.593125 0.875 0.04120689655172405 0.039956896551724075
19 0.095625 0.7849999999999999 0.02372844827586207 0.04747844827586223
14 0.836875 0.8262499999999999 0.026136363636363735 0.047386363636363726
05 0.601875 0.885625 0.041235795454545476 0.0287357954545453
13 0.54625 0.833125 0.05996951219512203 0.0662195121951219
03 0.229375 0.26187499999999997 0.04623214285714283 0.08123214285714281
10 0.05499999999999999 0.30625 0.0349875 0.0299875
