03 0.303125 0.224375 0.04123355263157891 0.023733552631578975
05 0.8775 0.4175 0.0274916107382549 0.029991610738255015
02 0.291875 0.40625 0.0337068965517241 0.05495689655172409
14 0.79 0.18375 0.027494444444444377 0.02499444444444443
18 0.9337500000000001 0.26625 0.014988095238095078 0.017488095238095247
14 0.206875 0.061875 0.01374297752808984 0.026242977528089885
17 0.583125 0.21375 0.028745098039215655 0.029995098039215684
09 0.059375 0.266875 0.031206896551724143 0.041206896551724104
13 0.521875 0.983125 0.10372844827586203 0.01372844827586217
03 0.21125 0.8049999999999999 0.03488636363636366 0.019886363636363646
03 0.056875 0.63625 0.01123579545454545 0.03498579545454539
