01 0.4925 0.7462500000000001 0.022483552631578863 0.022483552631578863
13 0.495 0.459375 0.05749161073825504 0.12124161073825501
11 0.5531250000000001 0.82125 0.03120689655172415 0.02745689655172412
04 0.26749999999999996 0.39937500000000004 0.022494444444444428 0.031244444444444464
03 0.516875 0.649375 0.01873809523809522 0.07373809523809516
12 0.414375 0.940625 0.053742977528089875 0.03374297752808986
03 0.249375 0.27375000000000005 0.021245098039215704 0.029995098039215684
10 0.249375 0.5393749999999999 0.02870689655172412 0.018706896551724195
14 0.568125 0.535 0.01372844827586206 0.0274784482758621
03 0.525 0.545625 0.01738636363636359 0.03113636363636363
05 0.239375 0.41375 0.023735795454545433 0.04248579545454545
00 0.7275 0.2375 0.03746951219512196 0.03246951219512195
02 0.243125 0.28500000000000003 0.038732142857142826 0.0399821428571428
08 0.15 0.81 0.024987499999999996 0.029987499999999945
