04 0.26125 0.431875 0.022483552631578974 0.026233552631578894
04 0.144375 0.479375 0.02624161073825504 0.018741610738255088
09 0.86625 0.811875 0.01745689655172411 0.026206896551724146
11 0.9137500000000001 0.380625 0.02499444444444443 0.02124444444444451
18 0.706875 0.973125 0.016238095238095163 0.01873809523809511
13 0.63625 0.711875 0.06749297752808991 0.05124297752808982
03 0.071875 0.815 0.02124509803921569 0.017495098039215784
15 0.705625 0.536875 0.016206896551724026 0.011206896551724133
10 0.780625 0.301875 0.018728448275862286 0.021228448275862066
14 0.328125 0.0475 0.02113636363636362 0.037386363636363634
03 0.28125 0.203125 0.017485795454545427 0.02373579545454546
02 0.390625 0.9425 0.061219512195122006 0.03746951219512207
