20 0.065 0.81125 0.03248355263157894 0.03248355263157887
14 0.6599999999999999 0.28312499999999996 0.017491610738254892 0.033741610738255046
01 0.639375 0.495625 0.02120689655172414 0.018706896551724084
18 0.62875 0.89125 0.01749444444444448 0.019994444444444426
06 0.44437797619047614 0.250625 0.03874404761904765 0.04623809523809527
07 0.96875 0.259375 0.0474929775280899 0.051242977528089845
12 0.02 0.1225 0.02749509803921569 0.03749509803921569
13 0.29375 0.148125 0.04745689655172414 0.06870689655172413
09 0.8306303879310344 0.109375 0.04123922413793102 0.031228448275862075
15 0.301875 0.06812499999999999 0.008636363636363664 0.01863636363636363
03 0.20375 0.52 0.04748579545454548 0.01498579545454548
