03 0.5818749999999999 0.6231249999999999 0.02123355263157889 0.02873355263157895
03 0.44125000000000003 0.499375 0.022491610738255063 0.02124161073825498
03 0.398125 0.07874999999999999 0.036206896551724155 0.027456896551724133
03 0.6912499999999999 0.47562499999999996 0.019994444444444315 0.03374444444444452
06 0.815625 0.39625 0.011238095238095158 0.024988095238095254
04 0.265 0.15437499999999998 0.024992977528089877 0.023742977528089876
03 0.2975012254901961 0.764375 0.04249754901960784 0.038745098039215664
18 0.27249999999999996 0.09625 0.017456896551724166 0.019956896551724126
08 0.09 0.175 0.00997844827586207 0.022478448275862067
11 0.63 0.191875 0.02488636363636365 0.021136363636363675
03 0.0975 0.195 0.012485795454545465 0.03498579545454547
10 0.41625 0.888125 0.022469512195121943 0.02121951219512208
09 0.6156250000000001 0.7475 0.02123214285714281 0.022482142857142784
