18 0.46375 0.42874999999999996 0.019983552631578916 0.022483552631578918
03 0.175 0.930625 0.022491610738255036 0.013741610738254972
04 0.6443749999999999 0.49875 0.03120689655172415 0.019956896551724113
04 0.41500000000000004 0.355 0.02999444444444449 0.02999444444444449
08 0.65375 0.48625 0.029988095238095203 0.017488095238095247
12 0.428125 0.11374999999999999 0.03374297752808986 0.03499297752808987
05 0.78125 0.026875000000000003 0.027495098039215682 0.03124509803921569
12 0.49624999999999997 0.45 0.02745689655172412 0.032456896551724124
14 0.14875 0.744375 0.032478448275862076 0.03872844827586219
03 0.880625 0.251875 0.06613636363636366 0.033636363636363686
