00 0.740625 0.426875 0.0362335526315789 0.0362335526315789
03 0.051875 0.9099999999999999 0.05374161073825502 0.014991610738254946
12 0.061875 0.39437500000000003 0.03620689655172415 0.03870689655172416
15 0.6881250000000001 0.18125 0.01874444444444434 0.04499444444444445
03 0.74625 0.9456249999999999 0.019988095238095083 0.021238095238095167
00 0.501875 0.9650000000000001 0.02624297752808985 0.02499297752808982
18 0.7406250000000001 0.26125 0.021245098039215704 0.022495098039215677
03 0.827489224137931 0.727489224137931 0.01747844827586209 0.022478448275861984
00 0.745625 0.21875 0.028728448275862184 0.019978448275862037
03 0.833125 0.8425 0.018636363636363784 0.024886363636363762
06 0.46499999999999997 0.14250000000000002 0.022485795454545487 0.029985795454545466
09 0.761875 0.951875 0.03121951219512198 0.023719512195122028
06 0.3262544642857143 0.9299999999999999 0.0549910714285714 0.022482142857142784
