15 0.6306291118421052 0.6956249999999999 0.03374177631578945 0.023733552631578836
19 0.974375 0.93375 0.03374161073825488 0.01999161073825495
08 0.611875 0.325614224137931 0.03870689655172421 0.02372844827586207
07 0.9156249999999999 0.609375 0.01874444444444434 0.03874444444444447
03 0.8475 0.494375 0.037488095238095154 0.036238095238095236
12 0.22249999999999998 0.8474999999999999 0.02749297752808985 0.032492977528089884
20 0.7625 0.00875 0.017495098039215673 0.017495098039215687
15 0.90625 0.02375 0.01745689655172411 0.009956896551724138
06 0.590625 0.6643749999999999 0.021228448275862122 0.013728448275862282
15 0.9137500000000001 0.4125 0.0173863636363637 0.03988636363636361
