12 0.666875 0.188125 0.061233552631578814 0.06873355263157896
14 0.35875 0.046875 0.027491610738255068 0.03624161073825502
20 0.971875 0.326875 0.04120689655172416 0.04370689655172416
03 0.704375 0.39375 0.05874444444444438 0.11999444444444451
09 0.82875 0.47625 0.10498809523809505 0.054988095238095336
12 0.5525 0.133125 0.057492977528089906 0.05874297752808988
03 0.2025 0.8225 0.04249509803921567 0.042495098039215695
04 0.1975 0.879375 0.044956896551724135 0.046206896551724164
13 0.6668750000000001 0.5025000000000001 0.12122844827586221 0.0924784482758621
08 0.383125 0.7168749999999999 0.08363636363636362 0.03863636363636369
20 0.226875 0.568125 0.026235795454545463 0.018735795454545512
03 0.36375 0.06812499999999999 0.10746951219512196 0.03621951219512194
