20 0.635 0.10625000000000001 0.04998355263157883 0.047483552631578954
13 0.594375 0.469375 0.19874161073825497 0.19124161073825507
06 0.740625 0.33687500000000004 0.2687068965517241 0.11370689655172411
09 0.246875 0.120625 0.06624444444444444 0.09374444444444444
07 0.256875 0.41125 0.028738095238095257 0.12248809523809523
03 0.768125 0.256875 0.053742977528089875 0.07124297752808986
10 0.29125 0.208125 0.07249509803921572 0.061245098039215684
00 0.83125 0.400625 0.08495689655172411 0.07120689655172413
09 0.41500000000000004 0.09125 0.07497844827586203 0.06747844827586208
20 0.815625 0.12625 0.07613636363636378 0.06738636363636363
03 0.37875000000000003 0.909375 0.08998579545454549 0.05623579545454527
13 0.29312499999999997 0.49749999999999994 0.14871951219512197 0.04996951219512197
