14 0.389375 0.026250000000000002 0.06373355263157893 0.024983552631578948
11 0.153125 0.10062499999999999 0.033741610738255046 0.026241610738255053
00 0.329375 0.365 0.02620689655172409 0.022456896551724115
04 0.6174999999999999 0.32062500000000005 0.022494444444444484 0.02624444444444446
14 0.510625 0.77875 0.031238095238095287 0.024988095238095087
04 0.17375 0.268125 0.02999297752808988 0.0212429775280899
09 0.24125 0.7806249999999999 0.03499509803921569 0.031245098039215713
08 0.06937499999999999 0.365 0.04120689655172413 0.02745689655172412
13 0.541875 0.589375 0.04872844827586209 0.08122844827586206
20 0.745 0.9550000000000001 0.04238636363636372 0.02738636363636371
16 0.964375 0.699375 0.04623579545454537 0.048735795454545316
01 0.74875 0.725 0.057469512195121975 0.039969512195122014
10 0.38 0.06125 0.019982142857142837 0.017482142857142856
17 0.7075 0.8912500000000001 0.04248750000000001 0.03748750000000001
