03 0.83 0.30937499999999996 0.037483552631578876 0.028733552631578896
03 0.905625 0.5418729026845637 0.06124161073825496 0.01874580536912751
04 0.195625 0.025 0.02870689655172412 0.024956896551724138
11 0.11750000000000001 0.691875 0.03499444444444447 0.031244444444444408
06 0.26375 0.745625 0.029988095238095286 0.01873809523809511
06 0.1925 0.47 0.06499297752808986 0.07999297752808981
20 0.08374999999999999 0.5643750000000001 0.027495098039215696 0.02374509803921565
01 0.334375 0.48062499999999997 0.028706896551724148 0.028706896551724148
08 0.6925 0.16875 0.012478448275862197 0.049978448275862064
14 0.24312499999999998 0.058750000000000004 0.03863636363636366 0.052386363636363634
