08 0.6412500000000001 0.5575 0.009983552631578907 0.03998355263157882
12 0.823125 0.5762499999999999 0.028741610738254986 0.02999161073825507
18 0.444375 0.095 0.016206896551724137 0.019956896551724126
04 0.440625 0.684375 0.03124444444444452 0.01874444444444434
03 0.5393749999999999 0.8262499999999999 0.023738095238095336 0.012488095238095132
08 0.611875 0.595 0.01374297752808984 0.03749297752808989
04 0.10999999999999999 0.38 0.02249509803921569 0.027495098039215682
14 0.42500000000000004 0.48375 0.014956896551724108 0.06495689655172421
06 0.208125 0.3874946120689655 0.061228448275862046 0.03248922413793098
18 0.604375 0.111875 0.016136363636363615 0.01863636363636363
01 0.68125 0.815 0.01498579545454537 0.012485795454545312
03 0.5543750000000001 0.08249999999999999 0.013719512195122019 0.03246951219512194
06 0.22812500000000002 0.38125 0.008732142857142827 0.06748214285714282
