06 0.40312499999999996 0.576875 0.048733552631578914 0.07873355263157888
03 0.3175 0.95625 0.009991610738255052 0.03749161073825491
08 0.5725107758620689 0.5175000000000001 0.014978448275862033 0.039956896551724186
14 0.901875 0.23375 0.031244444444444408 0.0224944444444444
03 0.844375 0.5118750000000001 0.016238095238095163 0.026238095238095283
04 0.11499999999999999 0.12875 0.017492977528089884 0.017492977528089884
03 0.081875 0.31 0.013745098039215697 0.009995098039215722
03 0.171875 0.28373922413793107 0.0387068965517241 0.014978448275862088
00 0.12875 0.63375 0.01747844827586205 0.01747844827586209
15 0.7818750000000001 0.618125 0.0061363636363637175 0.011136363636363611
04 0.5375 0.643125 0.022485795454545432 0.02123579545454546
13 0.22875 0.870625 0.037469512195121984 0.04121951219512199
