03 0.018125000000000002 0.61125 0.013733552631578948 0.02498355263157892
08 0.31937499999999996 0.7799979026845637 0.03874161073825505 0.02499580536912749
03 0.723125 0.88 0.02120689655172414 0.029956896551724066
00 0.823125 0.241875 0.018744444444444452 0.01374444444444442
03 0.198125 0.503125 0.036238095238095264 0.026238095238095283
03 0.4875 0.130625 0.04499297752808984 0.021242977528089887
06 0.805625 0.057499999999999996 0.06124509803921574 0.07499509803921568
18 0.836875 0.701875 0.018706896551724195 0.02120689655172414
06 0.948125 0.9481250000000001 0.008728448275862277 0.0487284482758622
03 0.650625 0.333125 0.016136363636363726 0.018636363636363562
