03 0.15625 0.6368750000000001 0.029983552631578952 0.02123355263157889
18 0.575625 0.56375 0.01624161073825514 0.017491610738255003
14 0.871875 0.8831249999999999 0.01370689655172408 0.036206896551724044
10 0.62 0.07 0.02499444444444454 0.02749444444444446
05 0.42125 0.559375 0.024988095238095254 0.026238095238095283
03 0.7849999999999999 0.713125 0.022492977528089875 0.03874297752808986
02 0.580625 0.983125 0.013745098039215642 0.021245098039215704
03 0.23875000000000002 0.3125 0.01995689655172414 0.022456896551724115
02 0.12875 0.4325 0.01997844827586205 0.032478448275862104
03 0.0650284090909091 0.49624999999999997 0.014943181818181814 0.014886363636363587
08 0.6393749999999999 0.711875 0.023735795454545405 0.041235795454545365
03 0.36875 0.11624999999999999 0.034969512195121955 0.02246951219512193
08 0.08250000000000002 0.878125 0.02998214285714286 0.023732142857142757
