17 0.219375 0.07375 0.026233552631578977 0.02748355263157895
04 0.09812499999999999 0.464375 0.026241610738255053 0.021241610738255035
14 0.88875 0.84125 0.03745689655172413 0.012456896551724106
07 0.28812638888888886 0.1493736111111111 0.03874722222222221 0.043747222222222215
18 0.3325 0.06375 0.017488095238095303 0.01998809523809523
06 0.788125 0.859375 0.03374297752808986 0.05124297752808982
11 0.233125 0.7525 0.02874509803921571 0.024995098039215624
03 0.044375 0.3775 0.013706896551724142 0.049956896551724084
06 0.88375 0.41811961206896553 0.0849784482758622 0.03123922413793101
11 0.069375 0.12 0.031136363636363636 0.032386363636363644
10 0.36875 0.63 0.014985795454545425 0.01498579545454537
20 0.121875 0.618125 0.01871951219512194 0.02121951219512197
