03 0.9493750000000001 0.28625 0.008733552631578934 0.022483552631578974
08 0.38625209731543625 0.608125 0.027495805369127546 0.048741610738255
13 0.47375 0.881875 0.049956896551724084 0.10870689655172416
07 0.768125 0.8043750000000001 0.026244444444444404 0.03624444444444441
14 0.8875 0.701875 0.019988095238095194 0.041238095238095074
18 0.025625000000000002 0.16562499999999997 0.021242977528089887 0.023742977528089876
05 0.273125 0.51875 0.021245098039215704 0.03999509803921569
14 0.43625 0.8518749999999999 0.05745689655172409 0.036206896551724044
14 0.484375 0.1575 0.03372844827586202 0.03497844827586205
01 0.43437499999999996 0.796875 0.018636363636363618 0.02113636363636373
15 0.77875 0.4525 0.024985795454545268 0.03498579545454544
