04 0.6125 0.90375 0.022483552631578863 0.029983552631578925
05 0.5393749999999999 0.301875 0.031241610738255043 0.018741610738255088
03 0.186875 0.26375 0.01870689655172411 0.01745689655172411
20 0.828125 0.708125 0.018744444444444452 0.016244444444444284
03 0.46875 0.21437499999999998 0.009988095238095296 0.023738095238095253
19 0.72875 0.8574999999999999 0.039992977528089835 0.02499297752808982
17 0.250625 0.7475 0.031245098039215685 0.024995098039215624
03 0.715 0.125625 0.02745689655172412 0.013706896551724121
20 0.515625 0.01125 0.016228448275862117 0.014978448275862068
01 0.3575 0.145625 0.01738636363636359 0.011136363636363639
11 0.829375 0.176875 0.026235795454545352 0.026235795454545463
08 0.29312499999999997 0.6781250000000001 0.04371951219512199 0.013719512195122019
13 0.9481294642857143 0.77625 0.02624107142857146 0.05998214285714276
