13 0.5481291118421052 0.8925000000000001 0.0412417763157894 0.039983552631578934
10 0.508125 0.590625 0.026241610738255094 0.018741610738255088
13 0.405 0.453125 0.05745689655172409 0.0387068965517241
10 0.44937499999999997 0.23125 0.02624444444444446 0.017494444444444424
04 0.72 0.8125 0.019988095238095083 0.017488095238095136
20 0.131875 0.395 0.026242977528089892 0.02249297752808982
03 0.085625 0.305 0.011245098039215681 0.032495098039215686
10 0.5575 0.12000000000000001 0.022456896551724226 0.014956896551724136
14 0.27749999999999997 0.9537500000000001 0.017478448275862035 0.03747844827586222
05 0.735625 0.7268749999999999 0.03113636363636374 0.036136363636363744
14 0.29875 0.180625 0.02498579545454549 0.028735795454545465
18 0.731875 0.408125 0.018719512195121912 0.02121951219512197
