08 0.54375 0.193125 0.04498355263157883 0.013733552631578966
08 0.32625 0.5700000000000001 0.024991610738255066 0.024991610738254955
08 0.065 0.058124999999999996 0.019956896551724147 0.023706896551724144
01 0.39875 0.15562499999999999 0.022494444444444484 0.021244444444444455
04 0.46499999999999997 0.383125 0.032488095238095316 0.026238095238095283
09 0.068125 0.246875 0.03374297752808989 0.03624297752808983
20 0.03875 0.63625 0.022495098039215688 0.024995098039215735
01 0.65375 0.609375 0.029956896551724177 0.0237068965517242
04 0.22375 0.134375 0.02497844827586207 0.021228448275862066
06 0.919375 0.028125 0.0336363636363638 0.03363636363636364
