03 0.446875 0.8875 0.021233552631578945 0.02498355263157892
19 0.34625 0.13124999999999998 0.017491610738255003 0.029991610738255042
06 0.5575 0.578125 0.014956896551724164 0.05620689655172417
14 0.0525 0.701875 0.022494444444444442 0.01874444444444434
17 0.09 0.45875 0.022488095238095238 0.019988095238095305
03 0.8556250000000001 0.833125 0.03124297752808991 0.02124297752808979
08 0.070625 0.2025 0.018745098039215688 0.007495098039215692
04 0.20875 0.09125 0.01995689655172414 0.014956896551724136
14 0.194375 0.044375 0.011228448275862057 0.011228448275862071
00 0.98125 0.91875 0.014886363636363753 0.012386363636363806
10 0.8625 0.9075 0.017485795454545316 0.017485795454545316
