03 0.49624999999999997 0.57375 0.05498355263157889 0.04998355263157883
03 0.32625 0.5700000000000001 0.06749161073825505 0.08999161073825512
00 0.713125 0.176875 0.06870689655172413 0.06620689655172413
08 0.264375 0.16 0.051244444444444454 0.09249444444444445
07 0.2237470238095238 0.8575 0.15999404761904762 0.09998809523809515
03 0.34125 0.703125 0.10249297752808983 0.18124297752808993
11 0.35125 0.045 0.06499509803921566 0.039995098039215686
06 0.450625 0.836875 0.16620689655172416 0.03120689655172415
10 0.24875 0.8175 0.04747844827586206 0.02997844827586227
11 0.59625 0.423125 0.054886363636363567 0.0611363636363636
07 0.37687499999999996 0.45625 0.02373579545454546 0.08748579545454549
09 0.844375 0.69 0.07621951219512191 0.06996951219512193
03 0.864375 0.204375 0.06623214285714285 0.036232142857142824
