10 0.73875 0.4675 0.012483552631578965 0.009983552631578851
12 0.586875 0.4475 0.028741610738255097 0.042491610738255026
03 0.97 0.14875 0.019956896551724168 0.02995689655172412
03 0.114375 0.791875 0.033744444444444466 0.01124444444444439
01 0.10875000000000001 0.21437499999999998 0.017488095238095233 0.02123809523809525
15 0.524375 0.04 0.011242977528089892 0.019992977528089886
03 0.48624999999999996 0.353125 0.019995098039215675 0.043745098039215724
10 0.0875 0.153125 0.022456896551724143 0.023706896551724116
03 0.8943749999999999 0.5449999999999999 0.026228448275862237 0.03497844827586205
08 0.773125 0.641875 0.02113636363636373 0.043636363636363584
04 0.525 0.46375 0.029985795454545494 0.019985795454545485
20 0.93875 0.87375 0.019969512195121997 0.019969512195121997
18 0.260625 0.365 0.016232142857142806 0.017482142857142835
