08 0.4225 0.95625 0.04498355263157888 0.04248355263157888
08 0.680625 0.1 0.011241610738254915 0.029991610738255056
06 0.12125 0.4225 0.014956896551724108 0.057456896551724146
06 0.764375 0.5168736111111112 0.05624444444444432 0.03624722222222221
09 0.51 0.136875 0.03748809523809521 0.023738095238095225
03 0.6575 0.414375 0.01749297752808987 0.03374297752808986
01 0.860625 0.008125 0.013745098039215642 0.013745098039215687
13 0.6799999999999999 0.32875 0.032456896551724124 0.057456896551724146
13 0.16562500000000002 0.81375 0.04622844827586206 0.05747844827586224
20 0.20625 0.7275 0.017386363636363672 0.0173863636363637
03 0.943125 0.44937499999999997 0.023735795454545405 0.04123579545454542
15 0.4875 0.23625 0.014969512195121992 0.03996951219512196
08 0.62 0.8425 0.032482142857142904 0.03248214285714279
05 0.075003125 0.401875 0.024993749999999995 0.03123750000000003
