11 0.388125 0.659375 0.026233552631578894 0.016233552631578885
13 0.73 0.34624999999999995 0.03749161073825491 0.06999161073825505
14 0.585 0.8512500000000001 0.04745689655172414 0.019956896551724168
12 0.528125 0.4575 0.033744444444444466 0.0399944444444445
03 0.08124999999999999 0.343125 0.012488095238095229 0.02373809523809528
20 0.8318749999999999 0.174375 0.023742977528089848 0.018742977528089844
13 0.721875 0.5 0.05124509803921573 0.0449950980392157
14 0.5231250000000001 0.306875 0.02120689655172414 0.0337068965517241
18 0.20375 0.22999999999999998 0.01497844827586206 0.017478448275862063
20 0.68625 0.933125 0.014886363636363753 0.013636363636363669
03 0.30500000000000005 0.96375 0.007485795454545474 0.02498579545454538
09 0.6975 0.47750000000000004 0.022469512195121943 0.027469512195122003
