18 0.9075 0.62 0.022483552631578863 0.02498355263157892
15 0.46687709731543625 0.9275 0.023745805369127515 0.017491610738254892
03 0.235 0.6375 0.022456896551724143 0.03495689655172407
08 0.77 0.68125 0.017494444444444368 0.05749444444444429
18 0.92625 0.62375 0.017488095238095136 0.019988095238095305
03 0.35562499999999997 0.7518750000000001 0.10374297752808986 0.0887429775280898
18 0.5731250000000001 0.53125 0.011245098039215695 0.014995098039215726
11 0.91375 0.2125 0.02745689655172412 0.022456896551724115
07 0.9212553879310345 0.1775 0.032489224137931094 0.05497844827586207
03 0.248125 0.41875 0.02613636363636368 0.0323863636363636
15 0.3325 0.143125 0.017485795454545483 0.03373579545454547
