05 0.5068708881578947 0.389375 0.02624177631578939 0.046233552631578856
20 0.48812500000000003 0.7168749999999999 0.02124161073825509 0.018741610738254866
05 0.2425 0.39125 0.022456896551724115 0.04745689655172414
20 0.97375 0.8049999999999999 0.027494444444444266 0.019994444444444315
04 0.834375 0.9693750000000001 0.03623809523809518 0.03373809523809512
20 0.410625 0.235625 0.03374297752808986 0.028742977528089853
11 0.40875 0.544375 0.0474950980392157 0.038745098039215775
19 0.0975 0.84625 0.02995689655172412 0.05245689655172414
14 0.388125 0.24375 0.04122844827586203 0.03247844827586205
03 0.9725 0.573125 0.009886363636363749 0.02863636363636357
10 0.59125 0.88125 0.0349857954545455 0.027485795454545325
00 0.023125 0.684375 0.03621951219512195 0.02871951219512192
15 0.14375 0.420625 0.02748214285714287 0.056232142857142786
10 0.364375 0.625625 0.03123750000000003 0.03123750000000003
