08 0.49875 0.709375 0.03748355263157893 0.02873355263157884
15 0.785 0.26625 0.04499161073825486 0.02999161073825507
02 0.31875 0.944375 0.02995689655172412 0.05620689655172406
03 0.35624999999999996 0.445625 0.0399944444444445 0.04624444444444453
14 0.9156249999999999 0.256875 0.021238095238095167 0.05373809523809528
01 0.231875 0.7462500000000001 0.018742977528089844 0.012492977528089866
14 0.7975 0.670625 0.024995098039215735 0.03624509803921572
07 0.563125 0.435 0.028706896551724093 0.06745689655172415
12 0.799375 0.935 0.08122844827586218 0.05247844827586212
19 0.375625 0.859375 0.03863636363636358 0.04113636363636375
