05 0.22500411184210525 0.754375 0.019991776315789467 0.033733552631578956
05 0.8049999999999999 0.11125 0.0274916107382549 0.02749161073825504
02 0.2875 0.515 0.02745689655172412 0.06745689655172415
03 0.9762500000000001 0.12125 0.017494444444444368 0.052494444444444455
14 0.8812500000000001 0.5449999999999999 0.024988095238095087 0.03498809523809532
10 0.919375 0.545625 0.023742977528089848 0.0312429775280898
18 0.610625 0.486875 0.021245098039215704 0.02374509803921565
07 0.300625 0.441875 0.011206896551724133 0.07370689655172413
14 0.5956250000000001 0.589375 0.016228448275862006 0.028728448275862073
08 0.7075 0.17375000000000002 0.019886363636363757 0.04488636363636364
01 0.706875 0.354375 0.0287357954545453 0.02373579545454546
07 0.72875 0.48624237804878045 0.04246951219512196 0.02248475609756101
