00 0.26 0.81125 0.022483552631578974 0.02498355263157892
06 0.173125 0.18 0.021241610738255035 0.03749161073825505
03 0.8049999999999999 0.423125 0.022456896551724115 0.01620689655172408
05 0.701875 0.494375 0.031244444444444408 0.016244444444444506
08 0.6399999999999999 0.29000000000000004 0.03248809523809515 0.014988095238095245
03 0.565 0.28812499999999996 0.027492977528089768 0.05124297752808987
03 0.974375 0.05 0.021245098039215704 0.0449950980392157
10 0.129375 0.184375 0.016206896551724123 0.01620689655172411
01 0.41500000000000004 0.283125 0.014978448275862088 0.01372844827586206
18 0.5325 0.760625 0.014886363636363642 0.016136363636363837
