02 0.18312499999999998 0.735 0.04373355263157899 0.09498355263157898
06 0.60375 0.9512499999999999 0.09249161073825496 0.029991610738254848
09 0.353125 0.10999999999999999 0.08120689655172414 0.037456896551724114
11 0.35750000000000004 0.49124999999999996 0.034994444444444495 0.034994444444444495
18 0.131875 0.358125 0.023738095238095225 0.026238095238095227
03 0.40875 0.564375 0.039992977528089835 0.061242977528089826
03 0.3 0.046875 0.027495098039215682 0.026245098039215688
05 0.681875 0.55125 0.046206896551724164 0.03495689655172418
06 0.08687500000000001 0.3425 0.12372844827586207 0.05997844827586202
07 0.9143749999999999 0.654375 0.02363636363636379 0.08613636363636368
