09 0.04375 0.4625 0.037483552631578945 0.04748355263157894
03 0.5700000000000001 0.920625 0.05499161073825498 0.06624161073825485
04 0.8531249999999999 0.260625 0.05120689655172417 0.0387068965517241
18 0.7106250000000001 0.685 0.041244444444444306 0.04249444444444428
04 0.6231249999999999 0.7675000000000001 0.05373809523809514 0.04248809523809516
19 0.7350000000000001 0.5625 0.06499297752808986 0.04249297752808978
11 0.329375 0.25375000000000003 0.061245098039215684 0.05999509803921571
14 0.915625 0.370625 0.12120689655172412 0.05620689655172412
06 0.40125 0.614375 0.19497844827586208 0.04122844827586203
11 0.671875 0.07625 0.05863636363636382 0.039886363636363636
14 0.745 0.50375 0.07748579545454537 0.04498579545454545
13 0.774375 0.7268749999999999 0.15121951219512197 0.09121951219512192
20 0.7625 0.313125 0.04748214285714292 0.036232142857142824
