03 0.16000000000000003 0.588125 0.032483552631578955 0.03873355263157885
06 0.661875 0.48812500000000003 0.09374161073825493 0.023741610738255037
06 0.808125 0.55875 0.0337068965517241 0.05995689655172409
05 0.360625 0.148125 0.018744444444444508 0.031244444444444436
01 0.37124999999999997 0.188125 0.014988095238095245 0.01123809523809527
04 0.27749999999999997 0.188125 0.02999297752808988 0.01624297752808987
14 0.639375 0.686875 0.021245098039215704 0.028745098039215655
03 0.775625 0.23375 0.02120689655172414 0.04245689655172413
06 0.310625 0.44 0.018728448275862064 0.014978448275862033
11 0.921875 0.2375 0.03113636363636374 0.017386363636363672
03 0.615625 0.665 0.02123579545454546 0.029985795454545383
