06 0.3718708881578947 0.075 0.03374177631578945 0.05498355263157895
04 0.291875 0.7437499999999999 0.02624161073825504 0.017491610738254892
04 0.5625 0.631875 0.024956896551724173 0.02120689655172414
05 0.34375 0.450625 0.019994444444444537 0.013744444444444448
03 0.46187500000000004 0.906875 0.008738095238095267 0.031238095238095065
03 0.01875 0.485625 0.02249297752808989 0.021242977528089846
03 0.3325 0.5325 0.042495098039215695 0.022495098039215677
18 0.215625 0.339375 0.013706896551724107 0.016206896551724137
01 0.625 0.54375 0.024978448275862153 0.01747844827586198
14 0.495 0.29937499999999995 0.03238636363636366 0.01613636363636367
08 0.20500000000000002 0.468125 0.02248579545454546 0.016235795454545454
