03 0.25875 0.5775 0.022483552631578946 0.03248355263157898
03 0.8674999999999999 0.503125 0.06499161073825499 0.06124161073825507
12 0.9550000000000001 0.511875 0.05245689655172414 0.0387068965517241
01 0.2525 0.665625 0.04749444444444442 0.0362444444444443
18 0.685 0.04625 0.019988095238095194 0.022488095238095238
04 0.20750000000000002 0.119375 0.029992977528089854 0.03624297752808989
12 0.10999999999999999 0.27875 0.03749509803921568 0.04499509803921564
08 0.106875 0.71375 0.02370689655172413 0.024956896551724173
03 0.403125 0.5175000000000001 0.09122844827586207 0.02747844827586199
09 0.15812500000000002 0.198125 0.03863636363636366 0.05613636363636365
15 0.33062499999999995 0.625625 0.03373579545454547 0.04623579545454537
07 0.051875 0.909375 0.041219512195121946 0.03621951219512198
15 0.41 0.898125 0.014982142857142833 0.05623214285714284
