20 0.3775 0.31125 0.019983552631578916 0.014983552631578967
03 0.08125 0.806875 0.08499161073825504 0.04124161073825494
03 0.584364224137931 0.558125 0.07122844827586206 0.05620689655172417
11 0.840625 0.410625 0.03624444444444441 0.031244444444444464
14 0.48 0.616875 0.02248809523809525 0.06623809523809521
03 0.7462500000000001 0.079375 0.02499297752808982 0.03624297752808989
18 0.9199999999999999 0.6275 0.02999509803921574 0.032495098039215686
03 0.21687499999999998 0.33687500000000004 0.026206896551724118 0.031206896551724095
04 0.056874999999999995 0.224375 0.06872844827586207 0.038728448275862054
20 0.479375 0.31562499999999993 0.03863636363636358 0.038636363636363635
03 0.889375 0.163125 0.041235795454545365 0.041235795454545476
03 0.97 0.143125 0.019969512195121997 0.05121951219512197
06 0.503125 0.1862455357142857 0.13123214285714285 0.03999107142857142
