03 0.910625 0.078125 0.013733552631578938 0.036233552631578944
13 0.139375 0.208125 0.05624161073825505 0.056241610738255066
18 0.86625 0.18125 0.019956896551724168 0.022456896551724115
04 0.605625 0.704375 0.026244444444444515 0.026244444444444404
08 0.65875 0.20875 0.03998809523809521 0.014988095238095273
08 0.35124999999999995 0.63375 0.052492977528089846 0.02499297752808982
03 0.208125 0.526875 0.023745098039215706 0.023745098039215762
04 0.075 0.42874999999999996 0.024956896551724145 0.019956896551724113
20 0.474375 0.54375 0.011228448275862057 0.012478448275862086
03 0.22375 0.10062499999999999 0.017386363636363672 0.041136363636363624
15 0.6343749999999999 0.665625 0.016235795454545454 0.016235795454545343
01 0.683125 0.746875 0.02121951219512197 0.02121951219512197
