03 0.7693749999999999 0.12875 0.051233552631578916 0.05748355263157895
02 0.11312709731543624 0.51875 0.02374580536912753 0.03749161073825513
11 0.95375 0.34625 0.039956896551724075 0.032456896551724124
10 0.261875 0.030625000000000003 0.04624444444444445 0.04624444444444445
11 0.30875 0.450625 0.037488095238095265 0.03623809523809529
14 0.77625 0.49312500000000004 0.03249297752808977 0.05874297752808988
14 0.5081249999999999 0.43625 0.056245098039215624 0.03499509803921569
06 0.276875 0.88 0.0737068965517241 0.12495689655172404
03 0.5706249999999999 0.583125 0.05122844827586215 0.033728448275861966
12 0.226875 0.500625 0.0786363636363637 0.0586363636363636
09 0.23374999999999999 0.583125 0.04498579545454545 0.05623579545454538
