06 0.879375 0.2724958881578947 0.06623355263157893 0.022491776315789525
06 0.30125 0.5387500000000001 0.04499161073825503 0.074991610738255
03 0.915 0.6643749999999999 0.04745689655172414 0.06620689655172407
14 0.85375 0.193125 0.03499444444444433 0.04624444444444442
14 0.8025 0.8362499999999999 0.02998809523809509 0.04748809523809505
01 0.638125 0.8062499999999999 0.03874297752808975 0.03499297752808983
13 0.335625 0.54125 0.10624509803921567 0.034995098039215744
04 0.54625 0.706875 0.039956896551724075 0.036206896551724155
08 0.833125 0.563125 0.026228448275862126 0.026228448275862126
05 0.09875 0.7793749999999999 0.019886363636363633 0.04613636363636375
