14 0.6450041118421053 0.730625 0.044991776315789433 0.023733552631578947
03 0.86875 0.24 0.02999161073825496 0.01749161073825503
18 0.47625 0.375 0.01745689655172411 0.019956896551724168
03 0.12687500000000002 0.045 0.02374444444444447 0.027494444444444446
03 0.07875 0.7475 0.022488095238095224 0.02248809523809514
03 0.188125 0.5318750000000001 0.01624297752808987 0.01374297752808984
14 0.6725 0.57375 0.024995098039215735 0.012495098039215669
01 0.7475 0.48812500000000003 0.019956896551724168 0.01620689655172408
03 0.7324999999999999 0.6112500000000001 0.02747844827586221 0.024978448275862042
11 0.79375 0.6675 0.019886363636363757 0.019886363636363757
