03 0.651875 0.775 0.008733552631578934 0.027483552631578867
03 0.105625 0.6312499999999999 0.04124161073825505 0.024991610738254955
11 0.938125 0.638125 0.028706896551724093 0.023706896551724088
00 0.7025 0.94875 0.029994444444444435 0.027494444444444377
06 0.8112529761904763 0.6924999999999999 0.08249404761904755 0.012488095238095132
01 0.365625 0.775625 0.02624297752808985 0.028742977528089853
11 0.788125 0.185 0.028745098039215655 0.022495098039215677
03 0.065 0.42625 0.024956896551724145 0.024956896551724117
15 0.77875 0.134375 0.02747844827586221 0.03122844827586206
10 0.27937500000000004 0.969375 0.021136363636363675 0.018636363636363784
