07 0.516875 0.8124958881578948 0.0987335526315789 0.052491776315789496
03 0.36125 0.56 0.01999161073825506 0.03749161073825513
07 0.958125 0.4475 0.028706896551724093 0.032456896551724124
15 0.15437499999999998 0.7675000000000001 0.023744444444444457 0.027494444444444377
03 0.08124999999999999 0.3625 0.04498809523809523 0.04248809523809527
03 0.91 0.700625 0.01749297752808987 0.028742977528089853
12 0.948125 0.82125 0.046245098039215726 0.03999509803921575
01 0.619375 0.276875 0.03120689655172404 0.028706896551724148
08 0.55125 0.913125 0.057478448275862126 0.0487284482758622
14 0.734375 0.786875 0.04863636363636381 0.033636363636363686
01 0.5575 0.9475 0.04248579545454545 0.03998579545454528
06 0.93625 0.159375 0.014969512195121992 0.05121951219512197
18 0.938125 0.71625 0.02373214285714287 0.02498214285714273
10 0.651875 0.7793749999999999 0.028737500000000082 0.026237500000000025
