01 0.38375000000000004 0.16562500000000002 0.04748355263157894 0.03873355263157893
03 0.08937500000000001 0.8668750000000001 0.06374161073825503 0.05124161073825484
02 0.281875 0.250625 0.13870689655172413 0.04120689655172413
06 0.34750138888888893 0.45625 0.1324972222222222 0.13499444444444453
06 0.101875 0.54625 0.021238095238095236 0.03998809523809532
13 0.38687499999999997 0.358125 0.11624297752808982 0.041242977528089864
03 0.18375 0.5706249999999999 0.09999509803921569 0.05124509803921573
10 0.9143749999999999 0.93 0.03120689655172415 0.03745689655172413
05 0.14375 0.65375 0.02497844827586207 0.06247844827586213
08 0.331875 0.48 0.0586363636363636 0.07988636363636359
