01 0.759375 0.38875 0.033733552631578956 0.02498355263157892
03 0.48624999999999996 0.53625 0.04499161073825503 0.1274916107382551
14 0.7793749999999999 0.63625 0.053706896551724115 0.039956896551724075
20 0.47812499999999997 0.39875 0.053744444444444484 0.057494444444444515
03 0.6487499999999999 0.59 0.11498809523809517 0.2774880952380952
06 0.6975 0.236875 0.08999297752808988 0.021242977528089846
00 0.301875 0.881875 0.046245098039215726 0.03374509803921566
04 0.296875 0.809375 0.05870689655172412 0.0337068965517241
01 0.609375 0.501875 0.028728448275862073 0.02622844827586207
19 0.6756249999999999 0.385 0.04613636363636375 0.07238636363636358
06 0.299375 0.905625 0.018735795454545512 0.06623579545454539
03 0.72625 0.380625 0.05246951219512197 0.10371951219512199
06 0.49687499999999996 0.788125 0.02623214285714276 0.16623214285714283
