03 0.413125 0.7693749999999999 0.031233552631578898 0.031233552631578898
03 0.384375 0.846875 0.02624161073825504 0.02374161073825498
03 0.6268750000000001 0.5706249999999999 0.0337068965517241 0.018706896551724195
14 0.28625 0.750625 0.027494444444444432 0.033744444444444355
03 0.59625 0.6868749999999999 0.02498809523809531 0.04373809523809513
06 0.8600000000000001 0.05 0.012492977528089866 0.06749297752808989
11 0.218125 0.32625 0.028745098039215683 0.032495098039215686
06 0.07625 0.19 0.024956896551724145 0.11745689655172414
03 0.91125 0.07625 0.0849784482758622 0.039978448275862055
03 0.875625 0.3275 0.053636363636363704 0.01988636363636359
10 0.691875 0.445 0.023735795454545294 0.022485795454545432
03 0.215625 0.027499999999999997 0.026219512195121975 0.02996951219512195
03 0.8625 0.434375 0.03248214285714279 0.05623214285714284
12 0.27125 0.75375 0.03748750000000001 0.06248750000000003
