03 0.885625 0.10125 0.12373355263157881 0.04248355263157895
04 0.565625 0.085625 0.06124161073825507 0.038741610738255036
13 0.08124999999999999 0.426875 0.08745689655172413 0.07370689655172413
02 0.49125 0.42874999999999996 0.05249444444444451 0.06999444444444453
14 0.458125 0.48625 0.058738095238095256 0.05748809523809528
14 0.541875 0.136875 0.04124297752808981 0.09124297752808987
16 0.23625 0.596875 0.07249509803921567 0.08624509803921565
03 0.33625000000000005 0.28125 0.03995689655172413 0.06745689655172415
07 0.11125 0.51875 0.03747844827586208 0.052478448275862066
11 0.5718749999999999 0.6225 0.05363636363636359 0.04988636363636367
03 0.8500000000000001 0.385 0.03248579545454533 0.07498579545454548
14 0.075625 0.436875 0.06121951219512194 0.07621951219512196
15 0.515625 0.911875 0.043732142857142886 0.0687321428571428
