13 0.94875 0.075625 0.05498355263157895 0.12873355263157893
07 0.49874790268456376 0.134375 0.027495805369127546 0.033741610738255046
06 0.351875 0.2875 0.011206896551724133 0.02995689655172412
11 0.054375 0.6268750000000001 0.03124444444444445 0.023744444444444457
06 0.494375 0.3106220238095238 0.10873809523809524 0.031244047619047643
08 0.214375 0.02375 0.028742977528089853 0.03749297752808989
20 0.795625 0.714375 0.028745098039215655 0.02624509803921571
10 0.355 0.639375 0.022456896551724115 0.023706896551724088
03 0.828125 0.121875 0.03122844827586224 0.03372844827586205
03 0.77125 0.455625 0.05988636363636379 0.07613636363636356
11 0.330625 0.755625 0.031235795454545467 0.026235795454545352
