03 0.775625 0.7793749999999999 0.04123355263157891 0.04873355263157897
02 0.8125 0.77125 0.07749161073825483 0.042491610738254915
20 0.875625 0.8975 0.05120689655172406 0.049956896551724195
03 0.569375 0.385625 0.036244444444444524 0.04624444444444453
14 0.531875 0.7324999999999999 0.03873809523809535 0.08748809523809509
04 0.145 0.408125 0.049992977528089885 0.04874297752808987
02 0.884375 0.326875 0.09124509803921566 0.05874509803921574
03 0.23 0.443125 0.034956896551724126 0.053706896551724115
01 0.059375 0.651875 0.051228448275862065 0.0487284482758622
12 0.781875 0.583125 0.09363636363636374 0.07613636363636367
03 0.7450000000000001 0.344375 0.03248579545454533 0.04623579545454548
14 0.649375 0.39 0.026219512195121975 0.12496951219512198
03 0.2675 0.193125 0.039982142857142855 0.02123214285714284
