10 0.078125 0.26875 0.05373355263157895 0.04998355263157894
03 0.874375 0.888125 0.056241610738254844 0.06624161073825496
12 0.7075 0.81375 0.15495689655172407 0.0649568965517241
04 0.2775 0.946875 0.06749444444444444 0.05624444444444432
09 0.428125 0.23375 0.0437380952380953 0.05998809523809526
03 0.841875 0.890625 0.14374297752808984 0.0312429775280898
05 0.9475 0.40875 0.05499509803921576 0.05749509803921571
03 0.520625 0.45375 0.07120689655172413 0.06495689655172415
03 0.406875 0.365625 0.061228448275862046 0.03372844827586202
03 0.84625 0.62 0.1898863636363638 0.10738636363636367
20 0.475 0.220625 0.04498579545454545 0.031235795454545467
