11 0.5856250000000001 0.151875 0.04123355263157891 0.02623355263157895
08 0.34375 0.83 0.0649916107382551 0.042491610738254915
13 0.046875 0.38625 0.06120689655172414 0.057456896551724146
20 0.7737499999999999 0.9025 0.03249444444444427 0.022494444444444373
10 0.918125 0.936875 0.028738095238095118 0.03623809523809518
06 0.39937675561797753 0.8325 0.061246488764044926 0.10499297752808978
15 0.389375 0.5874999999999999 0.041245098039215666 0.052495098039215704
03 0.69375 0.538125 0.10245689655172407 0.2062068965517242
03 0.16625 0.7275 0.052478448275862066 0.032478448275862215
20 0.14250000000000002 0.5925 0.017386363636363616 0.014886363636363642
18 0.69 0.98375 0.017485795454545427 0.019985795454545263
00 0.933125 0.830625 0.033719512195121926 0.026219512195121975
04 0.57625 0.391875 0.03498214285714285 0.03623214285714288
