07 0.23875000000000002 0.595 0.03498355263157896 0.029983552631578925
07 0.06875 0.31062500000000004 0.03999161073825503 0.033741610738255046
03 0.899375 0.41625 0.018706896551724195 0.024956896551724117
03 0.40874999999999995 0.14125 0.034994444444444495 0.019994444444444454
20 0.2375 0.948125 0.02248809523809528 0.021238095238095056
06 0.83125 0.516875 0.07249297752808992 0.05624297752808988
13 0.35250000000000004 0.400625 0.06749509803921566 0.031245098039215713
03 0.396875 0.973125 0.02620689655172409 0.0237068965517242
13 0.388125 0.3225 0.1312284482758621 0.12497844827586208
18 0.028124999999999997 0.89 0.021136363636363634 0.022386363636363704
