02 0.37812500000000004 0.34375 0.02373355263157889 0.022483552631578863
20 0.7112499999999999 0.1375 0.00999161073825483 0.012491610738255027
11 0.9475 0.109375 0.029956896551724066 0.023706896551724116
06 0.755625 0.565625 0.026244444444444293 0.023744444444444457
03 0.225625 0.3887470238095238 0.018738095238095276 0.014994047619047657
10 0.559375 0.93125 0.018742977528089844 0.01749297752808987
17 0.8700000000000001 0.8625 0.032495098039215686 0.03499509803921563
04 0.944375 0.524375 0.023706896551724088 0.016206896551724137
15 0.075 0.7893749999999999 0.022478448275862067 0.036228448275862246
01 0.235 0.295625 0.022386363636363676 0.01613636363636367
01 0.7931250000000001 0.25625 0.013735795454545285 0.014985795454545453
14 0.104375 0.591875 0.028719512195121935 0.061219512195122006
13 0.11875446428571429 0.355 0.11999107142857142 0.03748214285714285
20 0.985625 0.7168749999999999 0.016237500000000016 0.013737500000000069
