20 0.083125 0.7012499999999999 0.03123355263157894 0.027483552631578978
12 0.54125 0.714375 0.079991610738255 0.03624161073825494
05 0.188125 0.8143750000000001 0.03620689655172413 0.02120689655172414
09 0.969375 0.9762500000000001 0.023744444444444346 0.03499444444444444
06 0.4425 0.7424999999999999 0.009988095238095296 0.027488095238095034
18 0.059375000000000004 0.904375 0.026242977528089892 0.028742977528089853
05 0.33999999999999997 0.10250000000000001 0.01749509803921573 0.03999509803921568
04 0.25 0.703125 0.054956896551724116 0.03370689655172421
19 0.395 0.42562500000000003 0.029978448275862046 0.038728448275862026
03 0.58875 0.913125 0.03988636363636355 0.028636363636363682
03 0.82875 0.10375 0.06748579545454536 0.029985795454545466
06 0.6150076219512195 0.919375 0.019984756097561007 0.10621951219512205
