20 0.596875 0.023125 0.023733552631578836 0.018733552631578942
07 0.476875 0.8462479026845637 0.02624161073825504 0.03249580536912744
01 0.484375 0.80125 0.026206896551724146 0.01745689655172411
03 0.56875 0.536875 0.0374944444444445 0.018744444444444452
06 0.28312797619047614 0.2925 0.033744047619047646 0.06498809523809529
03 0.44375 0.33375 0.03249297752808983 0.052492977528089846
11 0.825 0.8062499999999999 0.027495098039215682 0.032495098039215686
04 0.019999999999999997 0.855625 0.022456896551724136 0.026206896551724146
08 0.629375 0.135 0.01372844827586206 0.04247844827586207
14 0.740625 0.55625 0.023636363636363678 0.037386363636363606
