20 0.5218750000000001 0.285625 0.02123355263157889 0.01623355263157894
10 0.8481229026845638 0.908125 0.021245805369127457 0.021241610738254924
14 0.9381250000000001 0.86 0.02120689655172414 0.039956896551724075
14 0.930625 0.8512500000000001 0.016244444444444395 0.03499444444444444
03 0.241875 0.029375 0.038738095238095266 0.03123809523809523
02 0.8975 0.641875 0.022492977528089875 0.026242977528089906
04 0.656875 0.28875 0.023745098039215762 0.01999509803921573
05 0.9475 0.96625 0.029956896551724066 0.02495689655172406
03 0.365 0.025 0.024978448275862042 0.04747844827586207
04 0.19187500000000002 0.104375 0.028636363636363654 0.026136363636363638
09 0.2675 0.615 0.02498579545454549 0.02498579545454538
