04 0.06875 0.46875 0.057483552631578935 0.039983552631578934
13 0.74625 0.28125 0.20749161073825495 0.04749161073825503
04 0.160625 0.7725 0.07620689655172412 0.06245689655172415
04 0.07875 0.7037500000000001 0.07499444444444445 0.07999444444444437
06 0.84375 0.6675 0.10748809523809522 0.17998809523809522
04 0.808125 0.571875 0.08124297752808984 0.05124297752808982
15 0.19187500000000002 0.6387499999999999 0.03624509803921569 0.08499509803921568
06 0.15499999999999997 0.421875 0.15995689655172413 0.11120689655172411
01 0.374375 0.08499999999999999 0.05122844827586204 0.03747844827586207
16 0.25625 0.5375 0.06488636363636366 0.11988636363636357
00 0.144375 0.639375 0.08623579545454546 0.08873579545454546
14 0.145625 0.105 0.11871951219512195 0.054969512195121945
