20 0.676875 0.08187499999999999 0.021233552631579 0.023733552631578947
08 0.23374999999999999 0.703125 0.04999161073825503 0.02374161073825487
03 0.9237500000000001 0.12875 0.049956896551724195 0.08245689655172413
14 0.3025 0.24375 0.029994444444444435 0.06499444444444441
03 0.733125 0.72125 0.03373809523809512 0.02248809523809514
13 0.18124999999999997 0.350625 0.04999297752808987 0.08624297752808985
07 0.70875 0.3275 0.024995098039215735 0.1074950980392157
05 0.44062500000000004 0.436875 0.05120689655172411 0.028706896551724148
02 0.9475 0.41312499999999996 0.049978448275862286 0.038728448275862026
04 0.881875 0.6637500000000001 0.0336363636363638 0.03488636363636377
