03 0.5506249999999999 0.8512500000000001 0.043733552631578854 0.08498355263157886
11 0.51125 0.900625 0.04749161073825503 0.04124161073825494
04 0.113125 0.19375 0.05370689655172413 0.034956896551724126
06 0.129375 0.375625 0.08124444444444445 0.1912444444444445
14 0.6699999999999999 0.8087500000000001 0.044988095238095105 0.034988095238095096
03 0.75875 0.916875 0.09249297752808983 0.03874297752808986
03 0.243125 0.79 0.07124509803921569 0.12999509803921572
03 0.338125 0.506875 0.01870689655172414 0.06370689655172412
12 0.184375 0.259375 0.07372844827586209 0.06372844827586205
15 0.09437500000000001 0.5575 0.07863636363636364 0.06738636363636363
