20 0.93125 0.651875 0.02498355263157892 0.01873355263157883
03 0.7362500000000001 0.5425 0.05749161073825493 0.03999161073825508
20 0.05 0.729375 0.03995689655172414 0.028706896551724093
06 0.568125 0.079375 0.08624444444444457 0.04374444444444445
02 0.611875 0.609375 0.07123809523809521 0.04623809523809519
04 0.923125 0.94375 0.03874297752808986 0.039992977528089835
03 0.7 0.9393750000000001 0.01999509803921573 0.018745098039215757
05 0.433125 0.410625 0.01870689655172414 0.04870689655172411
02 0.731875 0.43937499999999996 0.04372844827586231 0.04622844827586209
07 0.1375 0.360625 0.052386363636363634 0.021136363636363564
00 0.384375 0.078125 0.041235795454545476 0.03373579545454546
04 0.56125 0.06687499999999999 0.03746951219512196 0.038719512195121944
04 0.543125 0.279375 0.036232142857142824 0.026232142857142815
