03 0.33562499999999995 0.5175000000000001 0.02373355263157889 0.03248355263157887
14 0.7575000000000001 0.645 0.01999161073825484 0.06249161073825504
20 0.87625 0.03125 0.022456896551724115 0.017456896551724138
04 0.7625 0.966875 0.029994444444444324 0.023744444444444346
05 0.8300000000000001 0.29874999999999996 0.034988095238095096 0.029988095238095258
03 0.505625 0.32 0.08874297752808985 0.06499297752808986
08 0.32 0.10749999999999998 0.014995098039215726 0.044995098039215684
18 0.588125 0.011875 0.016206896551724137 0.01870689655172414
07 0.786875 0.6643749999999999 0.026228448275862126 0.03122844827586213
03 0.4425 0.074375 0.01988636363636359 0.01613636363636363
03 0.027499999999999997 0.5462499999999999 0.02748579545454545 0.037485795454545445
03 0.14625000000000002 0.4475 0.04496951219512198 0.027469512195121948
13 0.3575 0.22375 0.03498214285714285 0.05498214285714287
