08 0.1175 0.074375 0.057483552631578935 0.021233552631578945
06 0.64625 0.825625 0.06499161073825499 0.08874161073825493
13 0.795625 0.594375 0.0387068965517241 0.23120689655172416
13 0.835625 0.786875 0.08624444444444435 0.10624444444444436
18 0.09687499999999999 0.50875 0.02373809523809524 0.027488095238095256
04 0.828125 0.188125 0.033742977528089746 0.03624297752808983
07 0.4800012254901961 0.23249999999999998 0.04249754901960784 0.02749509803921571
08 0.19624999999999998 0.10125 0.06745689655172413 0.03245689655172414
13 0.5825 0.38249999999999995 0.05497844827586207 0.062478448275862075
03 0.80875 0.82375 0.022386363636363704 0.047386363636363726
12 0.500625 0.329375 0.05373579545454543 0.06123579545454544
04 0.13 0.725625 0.03746951219512196 0.023719512195122028
01 0.24875 0.19625 0.027482142857142844 0.02498214285714284
14 0.901875 0.08687500000000001 0.07123750000000006 0.02373750000000001
