04 0.53 0.5125 0.03498355263157893 0.027483552631578978
01 0.796875 0.7381249999999999 0.046241610738254835 0.046241610738254946
18 0.595 0.8775 0.024956896551724173 0.02745689655172423
13 0.160625 0.06875 0.13124444444444444 0.052494444444444455
06 0.5725 0.51 0.11748809523809522 0.05248809523809528
03 0.365 0.8825000000000001 0.09749297752808983 0.04499297752808984
03 0.35125 0.8206249999999999 0.08999509803921568 0.05374509803921568
03 0.068125 0.79125 0.02370689655172415 0.024956896551724173
06 0.51 0.571875 0.02247844827586204 0.11122844827586209
15 0.8943749999999999 0.27249999999999996 0.0336363636363638 0.052386363636363675
