10 0.10999999999999999 0.889375 0.02998355263157894 0.02873355263157895
20 0.605 0.176875 0.042491610738255026 0.04624161073825506
08 0.9525 0.419375 0.029956896551724066 0.03120689655172415
20 0.579375 0.808125 0.023744444444444457 0.026244444444444293
10 0.068125 0.29874999999999996 0.03373809523809524 0.03498809523809526
03 0.74375 0.794375 0.03749297752808989 0.03874297752808975
18 0.895 0.6912499999999999 0.02999509803921563 0.032495098039215686
03 0.27875 0.809375 0.032456896551724124 0.04870689655172411
13 0.835 0.29375 0.00997844827586214 0.09247844827586207
13 0.065625 0.58375 0.07613636363636364 0.05988636363636357
01 0.06125 0.2375 0.024985795454545455 0.017485795454545455
