05 0.825 0.273125 0.039983552631578934 0.05623355263157895
08 0.138125 0.37375 0.013741610738255028 0.03499161073825502
02 0.35125 0.28 0.0699568965517241 0.08745689655172412
16 0.4625 0.159375 0.06999444444444453 0.051244444444444426
18 0.915 0.325625 0.02998809523809509 0.033738095238095234
01 0.0925 0.6268750000000001 0.06249297752808988 0.05124297752808993
06 0.06375 0.5225 0.017495098039215694 0.05749509803921565
08 0.6775 0.35875 0.07745689655172416 0.0699568965517241
06 0.29625 0.8474999999999999 0.02247844827586204 0.039978448275862166
04 0.08125 0.576875 0.05238636363636363 0.03613636363636363
03 0.6525 0.446875 0.03248579545454544 0.046235795454545425
01 0.88625 0.81875 0.03246951219512195 0.03246951219512195
14 0.965625 0.255 0.05623214285714284 0.04248214285714283
