06 0.48375411184210526 0.8287500000000001 0.10999177631578938 0.11498355263157889
17 0.25625 0.6399999999999999 0.062491610738255016 0.074991610738255
08 0.115 0.239375 0.06995689655172413 0.03120689655172415
10 0.836875 0.0475 0.04874444444444437 0.02999444444444445
03 0.19 0.7525 0.04248809523809527 0.08998809523809503
20 0.15437499999999998 0.468125 0.023742977528089876 0.021242977528089846
04 0.208125 0.243125 0.0462450980392157 0.04874509803921573
06 0.38749999999999996 0.600625 0.04995689655172414 0.023706896551724088
02 0.6431250000000001 0.23625000000000002 0.046228448275862144 0.06247844827586205
03 0.9325 0.6168750000000001 0.022386363636363704 0.08363636363636362
07 0.86 0.79875 0.054985795454545405 0.017485795454545316
02 0.308125 0.653125 0.051219512195122 0.023719512195122028
