06 0.84875 0.645 0.022483552631578974 0.019983552631578916
06 0.59375 0.461875 0.017491610738255003 0.02624161073825504
04 0.9025 0.49687499999999996 0.02745689655172412 0.02620689655172409
18 0.146875 0.22062500000000002 0.021244444444444455 0.02374444444444443
13 0.688125 0.7775 0.08373809523809506 0.05748809523809517
20 0.82625 0.9199999999999999 0.029992977528089826 0.032492977528089884
14 0.42937622549019605 0.209375 0.021247549019607848 0.018745098039215702
03 0.8674999999999999 0.74 0.05245689655172414 0.024956896551724173
03 0.356875 0.948125 0.01372844827586206 0.08372844827586223
08 0.17375000000000002 0.475 0.027386363636363653 0.01988636363636359
06 0.43374999999999997 0.556875 0.024985795454545434 0.016235795454545454
03 0.836875 0.629375 0.056219512195122 0.05371951219512194
14 0.355 0.888125 0.03248214285714285 0.018732142857142864
