03 0.5193749999999999 0.74 0.03873355263157896 0.02498355263157892
00 0.375625 0.77625 0.033741610738255046 0.02999161073825496
03 0.1875 0.155 0.02995689655172412 0.09495689655172412
08 0.25625 0.166875 0.05749444444444446 0.01374444444444442
20 0.92875 0.34750000000000003 0.02998809523809509 0.02748809523809531
10 0.850625 0.478125 0.026242977528089795 0.018742977528089844
17 0.05437500000000001 0.079375 0.03624509803921569 0.043745098039215696
00 0.888125 0.955625 0.04120689655172416 0.03120689655172415
14 0.361875 0.238125 0.018728448275862064 0.02372844827586207
06 0.19437500000000002 0.428125 0.10863636363636367 0.018636363636363618
02 0.135 0.80875 0.05998579545454548 0.027485795454545325
