04 0.34687500000000004 0.030000000000000006 0.04373355263157891 0.039983552631578954
16 0.263125 0.126875 0.056241610738255066 0.04374161073825504
04 0.683125 0.24625 0.0337068965517241 0.024956896551724117
12 0.790625 0.800625 0.04624444444444431 0.06624444444444433
03 0.07125000000000001 0.42875 0.08748809523809524 0.04248809523809527
08 0.49 0.68625 0.06749297752808986 0.032492977528089884
08 0.7462512254901961 0.30874999999999997 0.06749754901960792 0.027495098039215737
04 0.21437499999999998 0.173125 0.043706896551724134 0.03120689655172415
18 0.175625 0.44437499999999996 0.02372844827586207 0.02622844827586207
16 0.311875 0.16999999999999998 0.05113636363636359 0.05238636363636365
18 0.4475 0.469375 0.02498579545454549 0.028735795454545465
