03 0.028754111842105263 0.54 0.03499177631578947 0.054983552631578836
15 0.508125 0.11125 0.02874161073825504 0.04749161073825506
14 0.809375 0.378125 0.043706896551724106 0.053706896551724115
03 0.4 0.83125 0.052494444444444455 0.057494444444444404
06 0.258125 0.573125 0.06873809523809526 0.09873809523809518
08 0.163125 0.279375 0.07124297752808989 0.018742977528089844
14 0.885 0.3075 0.0474950980392157 0.027495098039215682
03 0.049375 0.8325 0.05870689655172415 0.03495689655172418
20 0.59125 0.209375 0.04497844827586206 0.028728448275862073
06 0.404375 0.808125 0.10113636363636358 0.11113636363636381
