03 0.916875 0.5656208881578948 0.06373355263157898 0.03624177631578951
20 0.396875 0.03125 0.04124161073825505 0.03249161073825503
14 0.53375 0.35062499999999996 0.029956896551724177 0.10620689655172416
03 0.649375 0.671875 0.033744444444444466 0.0362444444444443
14 0.528125 0.816875 0.04873809523809525 0.06123809523809509
03 0.40875 0.9375 0.049992977528089844 0.03249297752808977
10 0.090625 0.024375 0.03624509803921569 0.028745098039215683
04 0.8525 0.2525 0.05245689655172414 0.04495689655172411
01 0.525 0.17375000000000002 0.04747844827586212 0.027478448275862072
03 0.39625 0.686875 0.027386363636363598 0.06613636363636366
03 0.2425 0.07062500000000001 0.10498579545454545 0.04623579545454546
11 0.8512500000000001 0.29625 0.047469512195121966 0.04496951219512196
10 0.07750000000000001 0.6087499999999999 0.034982142857142864 0.039982142857142855
