06 0.765625 0.29625 0.023733552631578947 0.03748355263157899
01 0.4575 0.624375 0.024991610738255066 0.018741610738254977
06 0.4 0.38125 0.019956896551724113 0.08995689655172412
07 0.0375 0.04 0.027494444444444443 0.05999444444444445
03 0.299375 0.78375 0.041238095238095296 0.04248809523809516
10 0.04375 0.8674999999999999 0.04249297752808989 0.039992977528089946
03 0.6625000000000001 0.77875 0.052495098039215704 0.07749509803921562
06 0.788125 0.38375000000000004 0.10870689655172416 0.07495689655172416
06 0.374375 0.5675 0.05622844827586204 0.019978448275862037
06 0.893125 0.23875000000000002 0.07113636363636366 0.06488636363636369
