03 0.037500000000000006 0.641875 0.022483552631578953 0.013733552631578938
09 0.144375 0.708125 0.03874161073825505 0.021241610738254924
02 0.16562500000000002 0.11875 0.033706896551724125 0.032456896551724124
03 0.499375 0.376875 0.008744444444444499 0.043744444444444475
20 0.2 0.03 0.02248809523809528 0.022488095238095238
04 0.028124999999999997 0.14125 0.028742977528089887 0.024992977528089905
20 0.459375 0.43875 0.02874509803921571 0.029995098039215684
10 0.2125 0.660625 0.032456896551724124 0.026206896551724146
03 0.410625 0.96125 0.028728448275862073 0.032478448275862215
10 0.084375 0.76125 0.031136363636363643 0.029886363636363766
06 0.5662499999999999 0.7281249999999999 0.017485795454545427 0.031235795454545356
14 0.3725 0.5475 0.022469512195121943 0.019969512195121997
08 0.764375 0.641875 0.03373214285714288 0.01373214285714286
02 0.14750000000000002 0.043125 0.01998750000000002 0.033737500000000004
