02 0.58875 0.594375 0.02498355263157892 0.023733552631578947
03 0.7775000000000001 0.08375 0.017491610738254892 0.012491610738255027
03 0.1225 0.69 0.014956896551724122 0.012456896551724106
07 0.073125 0.919375 0.036244444444444454 0.021244444444444288
03 0.11124999999999999 0.434375 0.019988095238095235 0.04373809523809524
20 0.873125 0.969375 0.008742977528089835 0.008742977528089835
06 0.46562499999999996 0.14875 0.023745098039215706 0.027495098039215682
14 0.27312499999999995 0.643125 0.01870689655172414 0.02120689655172414
00 0.91625 0.37875000000000003 0.022478448275862206 0.017478448275862035
10 0.905 0.585 0.022386363636363704 0.022386363636363593
