03 0.809375 0.8318749999999999 0.018733552631578942 0.033733552631578845
08 0.48875 0.98 0.024991610738255066 0.017491610738254892
07 0.19186422413793103 0.25375 0.021228448275862066 0.0374568965517241
15 0.26625 0.043125 0.03499444444444441 0.04624444444444444
08 0.8456250000000001 0.5918749999999999 0.011238095238095158 0.02873809523809523
03 0.878125 0.7224999999999999 0.026242977528089795 0.0674929775280898
16 0.9743762254901961 0.6331249999999999 0.021247549019607792 0.04374509803921567
14 0.659375 0.325 0.028706896551724204 0.04245689655172413
05 0.215 0.2825 0.03247844827586205 0.034978448275862106
09 0.8768750000000001 0.48375 0.028636363636363682 0.042386363636363555
13 0.23062500000000002 0.15187499999999998 0.058735795454545464 0.06373579545454547
10 0.33499999999999996 0.595625 0.024969512195121946 0.02121951219512197
03 0.910625 0.33187500000000003 0.0637321428571429 0.031232142857142875
