03 0.030625000000000003 0.48125 0.04623355263157895 0.05998355263157895
19 0.320625 0.9606250000000001 0.03624161073825505 0.038741610738254884
01 0.836875 0.38375000000000004 0.028706896551724093 0.024956896551724117
06 0.33375 0.905625 0.05499444444444451 0.10624444444444436
19 0.3925 0.8525 0.03248809523809526 0.034988095238095096
03 0.968125 0.684375 0.016242977528089897 0.053742977528089875
05 0.264375 0.54125 0.03874509803921569 0.022495098039215677
07 0.589375 0.438125 0.028706896551724093 0.07620689655172413
01 0.7575000000000001 0.41125 0.03497844827586227 0.032478448275862104
03 0.169375 0.505625 0.028636363636363654 0.02863636363636357
08 0.052500000000000005 0.885 0.06248579545454547 0.027485795454545325
