03 0.393125 0.370625 0.02873355263157895 0.018733552631578887
03 0.094375 0.579375 0.06374161073825504 0.028741610738255097
14 0.5081249999999999 0.6425 0.02620689655172409 0.04745689655172414
06 0.36187638888888884 0.961875 0.036247222222222264 0.031244444444444297
05 0.1975 0.48 0.02498809523809528 0.024988095238095254
02 0.87625 0.226875 0.04249297752808989 0.023742977528089848
03 0.874375 0.013750000000000002 0.018745098039215646 0.01999509803921569
03 0.5025 0.591875 0.034956896551724126 0.036206896551724155
03 0.299375 0.240625 0.03122844827586202 0.02622844827586207
06 0.6781250000000001 0.21372159090909093 0.04613636363636375 0.03744318181818182
