03 0.24625 0.894375 0.062483552631578954 0.07873355263157888
02 0.889375 0.321875 0.013741610738254861 0.016241610738255086
15 0.7025 0.275625 0.03745689655172413 0.02120689655172414
04 0.958125 0.2225 0.023744444444444346 0.014994444444444421
07 0.528125 0.72875 0.058738095238095256 0.01498809523809519
20 0.94 0.673125 0.022492977528089875 0.0212429775280899
20 0.801875 0.854375 0.018745098039215646 0.0162450980392157
06 0.18 0.348125 0.02745689655172412 0.016206896551724137
18 0.5025 0.15749999999999997 0.017478448275862035 0.019978448275862065
06 0.8125284090909091 0.09812499999999999 0.05994318181818192 0.023636363636363636
16 0.4475 0.823125 0.0399857954545455 0.0287357954545453
01 0.38687499999999997 0.9456249999999999 0.028719512195121977 0.018719512195121912
