03 0.515625 0.35562499999999997 0.011233552631578991 0.02373355263157889
04 0.764375 0.061875 0.018741610738254866 0.01624161073825503
05 0.33625000000000005 0.541875 0.02995689655172412 0.026206896551724146
09 0.441875 0.31375000000000003 0.031244444444444464 0.027494444444444488
12 0.075625 0.755 0.036238095238095236 0.03248809523809504
00 0.528125 0.033125 0.028742977528089853 0.01874297752808989
06 0.365625 0.8043750000000001 0.02124509803921565 0.09124509803921577
06 0.15125 0.239375 0.07495689655172413 0.033706896551724125
18 0.47625 0.7987500000000001 0.014978448275862033 0.0174784482758622
06 0.719375 0.15000000000000002 0.02113636363636373 0.05738636363636365
06 0.15812500000000002 0.251875 0.08373579545454547 0.021235795454545486
14 0.8843749999999999 0.59375 0.026219512195121975 0.05246951219512197
03 0.304375 0.5425 0.018732142857142864 0.039982142857142855
