11 0.5325 0.250625 0.06498355263157896 0.04123355263157899
14 0.696875 0.7725 0.10624161073825489 0.05499161073825487
10 0.4175 0.500625 0.044956896551724135 0.026206896551724146
06 0.895625 0.34687500000000004 0.14374444444444445 0.17374444444444442
14 0.8843749999999999 0.36625 0.0762380952380951 0.047488095238095274
15 0.521875 0.6168750000000001 0.08374297752808979 0.04624297752808981
01 0.885625 0.311875 0.10374509803921561 0.09124509803921571
07 0.7106250000000001 0.41500000000000004 0.0962068965517241 0.062456896551724095
03 0.67625 0.71625 0.059978448275862184 0.09997844827586222
08 0.42000000000000004 0.05562500000000001 0.08238636363636359 0.06113636363636364
