08 0.625625 0.8775 0.06373355263157898 0.019983552631578916
05 0.185 0.22062500000000002 0.05999161073825504 0.03124161073825507
07 0.6343749999999999 0.4225 0.03120689655172415 0.05995689655172415
15 0.258125 0.861875 0.051244444444444426 0.06874444444444439
03 0.6231249999999999 0.643125 0.08123809523809522 0.06623809523809521
04 0.739375 0.37812500000000004 0.046242977528089924 0.04624297752808987
08 0.04125 0.551875 0.01999509803921569 0.0787450980392157
13 0.5375000000000001 0.215625 0.07245689655172416 0.11120689655172414
11 0.610625 0.41625 0.04622844827586203 0.03247844827586205
16 0.33249999999999996 0.6675 0.06738636363636363 0.049886363636363784
08 0.39125 0.580625 0.06248579545454547 0.031235795454545467
