14 0.4518791118421053 0.35 0.021241776315789496 0.022483552631578918
14 0.715625 0.6875 0.03124161073825482 0.022491610738254897
01 0.36375 0.126875 0.02745689655172412 0.021206896551724128
11 0.11625 0.48125 0.03749444444444447 0.0374944444444445
13 0.364375 0.298125 0.1562380952380953 0.14123809523809525
15 0.656875 0.604375 0.05124297752808982 0.07124297752808983
14 0.21625 0.29312499999999997 0.042495098039215695 0.061245098039215684
01 0.49875 0.524375 0.019956896551724113 0.018706896551724195
03 0.45875 0.21687499999999998 0.024978448275862042 0.041228448275862056
03 0.164375 0.565625 0.031136363636363656 0.04113636363636364
06 0.4975 0.85625 0.01498579545454548 0.04248579545454534
