09 0.431875 0.965 0.02373355263157889 0.03498355263157893
05 0.431875 0.16125 0.01624161073825503 0.03499161073825505
08 0.5018750000000001 0.948125 0.018706896551724195 0.02120689655172403
08 0.6918763888888889 0.09 0.01624722222222208 0.01249444444444446
08 0.6243720238095238 0.484375 0.03374404761904748 0.036238095238095236
03 0.098125 0.268125 0.033742977528089885 0.036242977528089804
20 0.88625 0.345 0.017495098039215673 0.01749509803921573
09 0.6168750000000001 0.675 0.0337068965517241 0.02495689655172406
20 0.52125 0.826875 0.022478448275861984 0.01622844827586223
10 0.046875 0.5900000000000001 0.023636363636363636 0.019886363636363646
