20 0.33999999999999997 0.238125 0.017483552631578914 0.011233552631578991
06 0.6699999999999999 0.83375 0.059991610738254986 0.014991610738254835
06 0.373125 0.38 0.05870689655172412 0.00995689655172416
03 0.45875 0.020624999999999998 0.00749444444444447 0.031244444444444443
02 0.0625 0.608125 0.014988095238095238 0.023738095238095225
06 0.49375 0.646875 0.0649929775280898 0.04124297752808981
01 0.9624999999999999 0.83875 0.012495098039215669 0.00999509803921561
03 0.7 0.500625 0.019956896551724168 0.03370689655172415
13 0.51625 0.07875 0.01747844827586209 0.08497844827586207
10 0.701875 0.09 0.02113636363636373 0.01738636363636363
