03 0.053750000000000006 0.9475 0.029983552631578952 0.019983552631578916
05 0.79875 0.070625 0.022491610738254897 0.013741610738255042
03 0.780635775862069 0.88375 0.01372844827586206 0.022456896551724115
15 0.73 0.791875 0.017494444444444368 0.018744444444444452
07 0.21500000000000002 0.771875 0.007488095238095266 0.02623809523809517
07 0.28125 0.7787482443820224 0.057492977528089906 0.032496488764044984
03 0.035625000000000004 0.535625 0.011245098039215685 0.011245098039215695
07 0.47375 0.06125 0.01745689655172411 0.02995689655172415
20 0.784375 0.71375 0.01622844827586223 0.012478448275862197
18 0.08625 0.47 0.012386363636363626 0.014886363636363587
11 0.1825 0.14875 0.02248579545454546 0.024985795454545462
