18 0.615 0.5 0.022483552631578974 0.02498355263157892
06 0.06937499999999999 0.7325 0.11124161073825503 0.032491610738254906
13 0.590625 0.058124999999999996 0.053706896551724115 0.02620689655172414
08 0.559375 0.38375 0.053744444444444484 0.027494444444444488
12 0.25375000000000003 0.14375 0.05498809523809528 0.047488095238095246
08 0.233125 0.365625 0.018742977528089844 0.04374297752808981
06 0.12875 0.15375 0.014995098039215685 0.03999509803921569
13 0.38625 0.11624999999999999 0.10245689655172413 0.04245689655172412
04 0.110625 0.47125 0.03872844827586207 0.03497844827586205
08 0.7012499999999999 0.85875 0.05488636363636379 0.022386363636363704
03 0.46375 0.771875 0.04998579545454551 0.04623579545454537
03 0.5475 0.536875 0.009969512195121988 0.08621951219512192
04 0.6675 0.5843750000000001 0.03498214285714285 0.028732142857142873
05 0.91125 0.16875 0.019987500000000047 0.03748750000000001
