04 0.544375 0.5325 0.0362335526315789 0.03498355263157893
14 0.078125 0.2925 0.02874161073825504 0.05499161073825504
15 0.464375 0.23875000000000002 0.016206896551724137 0.014956896551724136
03 0.07250000000000001 0.9368749999999999 0.03749444444444445 0.02874444444444435
14 0.411875 0.561875 0.02373809523809528 0.04373809523809524
11 0.040624999999999994 0.910625 0.03624297752808989 0.03374297752808986
08 0.436875 0.058125 0.051245098039215675 0.02124509803921569
14 0.90125 0.351875 0.06245689655172404 0.036206896551724155
04 0.260625 0.7581249999999999 0.02372844827586207 0.028728448275862184
08 0.33875 0.864375 0.027386363636363598 0.10863636363636364
16 0.23625 0.8768750000000001 0.04498579545454545 0.04623579545454526
10 0.600625 0.37375 0.026219512195121975 0.027469512195122003
