18 0.205 0.51125 0.01998355263157897 0.022483552631578974
07 0.6299999999999999 0.8556250000000001 0.07249161073825505 0.026241610738254928
16 0.080625 0.330625 0.03870689655172414 0.05120689655172417
07 0.163125 0.23125 0.07374444444444445 0.04249444444444442
11 0.398125 0.543125 0.02873809523809523 0.021238095238095278
07 0.200625 0.9625 0.03874297752808986 0.0624929775280898
18 0.41125 0.17875000000000002 0.01999509803921573 0.022495098039215705
04 0.250625 0.135 0.031206896551724123 0.029956896551724135
03 0.095625 0.65625 0.018728448275862064 0.022478448275862206
04 0.548125 0.07125000000000001 0.02863636363636357 0.024886363636363637
18 0.3675 0.46499999999999997 0.017485795454545427 0.01998579545454543
