10 0.60875 0.511875 0.03248355263157898 0.023733552631578947
04 0.15000000000000002 0.5862499999999999 0.03749161073825505 0.03749161073825513
14 0.114375 0.035 0.038706896551724115 0.04245689655172414
14 0.869375 0.104375 0.043744444444444364 0.036244444444444454
11 0.691875 0.7325 0.031238095238095065 0.027488095238095145
15 0.8775 0.236875 0.012492977528089866 0.021242977528089846
19 0.75375 0.7481249999999999 0.0474950980392157 0.021245098039215704
08 0.468125 0.023749999999999997 0.02120689655172414 0.03495689655172413
04 0.55125 0.64375 0.03497844827586205 0.01747844827586209
03 0.095 0.7525 0.039886363636363636 0.05238636363636384
