18 0.86875 0.16875 0.017483552631578858 0.01998355263157897
04 0.345625 0.829375 0.021241610738255035 0.01624161073825492
06 0.963125 0.341875 0.05120689655172406 0.026206896551724146
01 0.0175 0.856875 0.017494444444444444 0.016244444444444395
04 0.2525 0.08875 0.02248809523809525 0.017488095238095233
03 0.26875 0.291875 0.029992977528089826 0.016242977528089897
08 0.0725 0.470625 0.037495098039215684 0.011245098039215695
18 0.388125 0.781875 0.01370689655172408 0.016206896551724137
20 0.40249999999999997 0.028125000000000004 0.01247844827586203 0.011228448275862075
03 0.43437499999999996 0.125 0.0611363636363636 0.02738636363636364
10 0.926875 0.7525 0.021235795454545237 0.017485795454545427
08 0.345625 0.15875 0.04121951219512199 0.00996951219512196
08 0.7068749999999999 0.9125 0.03873214285714288 0.014982142857142833
03 0.26875 0.186875 0.027487499999999998 0.01873749999999999
