03 0.49 0.375 0.03498355263157893 0.014983552631578911
15 0.27375000000000005 0.9156249999999999 0.012491610738255055 0.028741610738254875
14 0.06999999999999999 0.44625000000000004 0.03995689655172413 0.014956896551724108
03 0.10500000000000001 0.15125 0.014994444444444463 0.019994444444444454
04 0.87625 0.8200000000000001 0.019988095238095083 0.014988095238095078
06 0.8474999999999999 0.211875 0.012492977528089866 0.021242977528089846
06 0.9493750000000001 0.8999999999999999 0.05124509803921573 0.032495098039215686
13 0.3925 0.0625 0.01745689655172411 0.06995689655172413
06 0.045 0.75125 0.03247844827586206 0.07747844827586226
20 0.08812500000000001 0.236875 0.011136363636363625 0.013636363636363669
20 0.9512499999999999 0.760625 0.012485795454545312 0.013735795454545396
