05 0.6631291118421052 0.208125 0.0262417763157895 0.021233552631578972
06 0.07062500000000001 0.944375 0.02874161073825504 0.10874161073825495
13 0.678125 0.7068749999999999 0.0387068965517241 0.0337068965517241
03 0.5275 0.6381249999999999 0.014994444444444532 0.02874444444444446
10 0.141875 0.169375 0.02873809523809523 0.018738095238095276
20 0.47750000000000004 0.90625 0.019992977528089872 0.019992977528089817
09 0.865 0.37124999999999997 0.03749509803921569 0.027495098039215737
15 0.674375 0.708125 0.008706896551724186 0.0237068965517242
16 0.143125 0.346875 0.03372844827586208 0.03372844827586208
03 0.73875 0.27749999999999997 0.012386363636363695 0.017386363636363644
03 0.77875 0.84125 0.014985795454545259 0.029985795454545383
12 0.051875000000000004 0.318125 0.04871951219512195 0.04371951219512199
