04 0.754375 0.63 0.016233552631578885 0.019983552631578805
16 0.26625 0.32 0.027491610738255068 0.027491610738255012
04 0.26375000000000004 0.136875 0.024956896551724117 0.01870689655172414
03 0.36 0.6725000000000001 0.014994444444444477 0.017494444444444368
10 0.20500000000000002 0.82125 0.019988095238095277 0.012488095238095132
19 0.801875 0.563125 0.0312429775280898 0.0312429775280898
14 0.941875 0.70875 0.031245098039215713 0.00999509803921561
06 0.7375 0.326875 0.04245689655172413 0.028706896551724148
16 0.8674999999999999 0.575625 0.029978448275862157 0.03372844827586208
20 0.04375 0.221875 0.027386363636363632 0.028636363636363654
18 0.9081250000000001 0.9806250000000001 0.0187357954545454 0.021235795454545348
20 0.875 0.0175 0.019969512195121997 0.022469512195121954
09 0.42500000000000004 0.2725 0.02248214285714284 0.047482142857142834
01 0.853125 0.9725 0.013737499999999958 0.009987500000000038
