04 0.42562500000000003 0.32999999999999996 0.0337335526315789 0.02998355263157898
15 0.389375 0.078125 0.0312416107382551 0.016241610738255044
07 0.155625 0.801875 0.031206896551724123 0.04120689655172405
15 0.5525 0.07875 0.0374944444444445 0.05249444444444445
02 0.88625 0.031875 0.04748809523809516 0.028738095238095233
07 0.20187324438202248 0.699375 0.05874648876404495 0.06874297752808989
04 0.831875 0.175 0.03624509803921572 0.024995098039215707
19 0.088125 0.46687500000000004 0.028706896551724148 0.03370689655172415
04 0.780625 0.47 0.02372844827586218 0.03247844827586205
07 0.9625 0.655625 0.039886363636363775 0.028636363636363793
03 0.764375 0.926875 0.03873579545454531 0.033735795454545414
13 0.854375 0.7 0.0662195121951219 0.03746951219512196
14 0.6018749999999999 0.274375 0.02123214285714281 0.05123214285714281
