10 0.2425 0.51875 0.07248355263157899 0.04498355263157883
06 0.423125 0.38875 0.033741610738255046 0.06749161073825505
17 0.2425 0.425 0.07995689655172411 0.0699568965517241
03 0.374375 0.19124999999999998 0.04124444444444447 0.15749444444444444
19 0.706875 0.7481249999999999 0.05123809523809508 0.05373809523809514
03 0.490625 0.476875 0.06624297752808989 0.0987429775280898
20 0.268125 0.7575000000000001 0.06874509803921569 0.059995098039215766
20 0.35062499999999996 0.794375 0.05120689655172411 0.04620689655172405
03 0.26749999999999996 0.70625 0.04247844827586206 0.04497844827586228
03 0.49375 0.53 0.0898863636363636 0.07488636363636358
03 0.318125 0.8512500000000001 0.13123579545454545 0.15998579545454528
