08 0.5237499999999999 0.046875 0.019983552631578916 0.02873355263157895
14 0.0725 0.631875 0.014991610738255029 0.04624161073825506
07 0.6162392241379311 0.615625 0.02747844827586199 0.028706896551724093
06 0.774375 0.85375 0.023744444444444346 0.01499444444444431
03 0.8049999999999999 0.9575 0.027488095238095034 0.052488095238095056
03 0.825625 0.8687499999999999 0.06124297752808994 0.02499297752808982
08 0.423125 0.5487500000000001 0.016245098039215644 0.03499509803921563
14 0.376875 0.861875 0.026206896551724146 0.026206896551724035
08 0.754375 0.971875 0.028728448275862184 0.03872844827586219
20 0.5575 0.7675000000000001 0.02488636363636365 0.02738636363636371
19 0.29500000000000004 0.72875 0.027485795454545492 0.019985795454545263
18 0.4675 0.95625 0.01996951219512194 0.022469512195122054
11 0.345625 0.48375 0.026232142857142815 0.027482142857142844
