15 0.24812499999999998 0.103125 0.026233552631578977 0.04373355263157894
18 0.900625 0.625625 0.021241610738254924 0.023741610738255092
09 0.339375 0.71875 0.026206896551724146 0.04245689655172402
02 0.9256263888888889 0.356875 0.011247222222222186 0.023744444444444457
20 0.12375 0.7437499999999999 0.022488095238095238 0.02248809523809514
19 0.15125 0.5193749999999999 0.034992977528089886 0.036242977528089804
09 0.18 0.700625 0.022495098039215677 0.036245098039215606
08 0.65625 0.809375 0.049956896551724084 0.04620689655172405
04 0.400625 0.880625 0.02622844827586207 0.021228448275862233
14 0.6268750000000001 0.74 0.013636363636363558 0.0698863636363638
18 0.91625 0.485 0.019985795454545263 0.022485795454545487
03 0.823125 0.525625 0.013719512195121908 0.03121951219512198
10 0.08000000000000002 0.083125 0.027482142857142858 0.031232142857142847
