20 0.77125 0.459375 0.029983552631578814 0.021233552631578945
20 0.568125 0.06625 0.04374161073825511 0.03499161073825504
11 0.644375 0.31999999999999995 0.046206896551724164 0.04995689655172414
06 0.16874999999999998 0.5575 0.03749444444444444 0.027494444444444488
13 0.106875 0.5125 0.09873809523809524 0.12498809523809523
05 0.7268732443820225 0.36375 0.04874648876404486 0.05499297752808985
16 0.6487499999999999 0.4625 0.05499509803921565 0.06749509803921566
03 0.26687500000000003 0.891875 0.10620689655172413 0.06370689655172412
06 0.6200000000000001 0.305 0.12497844827586213 0.06497844827586208
10 0.6168750000000001 0.1675 0.03613636363636352 0.027386363636363653
