08 0.97875 0.39937500000000004 0.029983552631578814 0.011233552631578936
06 0.7362500000000001 0.676875 0.05499161073825498 0.06124161073825496
03 0.056249999999999994 0.7012499999999999 0.029956896551724142 0.02495689655172406
06 0.435 0.62125 0.027494444444444488 0.054994444444444346
08 0.859375 0.96625 0.023738095238095225 0.034988095238095096
09 0.365625 0.809375 0.018742977528089844 0.05124297752808993
14 0.935 0.239375 0.024995098039215624 0.02374509803921568
03 0.47375 0.891875 0.01745689655172411 0.0387068965517241
20 0.24375000000000002 0.806875 0.02497844827586207 0.016228448275862117
20 0.453125 0.9325 0.023636363636363567 0.019886363636363757
20 0.405625 0.06 0.02373579545454546 0.014985795454545446
03 0.05 0.105 0.00996951219512194 0.01996951219512194
18 0.92875 0.33499999999999996 0.009982142857142828 0.01248214285714283
