03 0.20500000000000002 0.31625 0.012483552631578992 0.02498355263157892
03 0.7612479026845638 0.18625 0.04249580536912745 0.01749161073825506
03 0.909989224137931 0.17875 0.007478448275862082 0.032456896551724124
18 0.7075 0.7906249999999999 0.01499444444444431 0.016244444444444395
09 0.490625 0.298125 0.021238095238095278 0.03123809523809523
19 0.060625 0.694375 0.021242977528089894 0.023742977528089848
10 0.48375 0.79125 0.019995098039215675 0.014995098039215726
10 0.65875 0.6875 0.012456896551724106 0.012456896551724217
03 0.04563038793103448 0.80625 0.05373922413793103 0.014978448275862144
04 0.8475 0.873125 0.019886363636363757 0.02113636363636373
03 0.188125 0.18625000000000003 0.018735795454545484 0.029985795454545466
