03 0.04875 0.45875 0.05748355263157895 0.027483552631578867
06 0.168125 0.66375 0.07874161073825503 0.11249161073825498
09 0.89125 0.50875 0.039956896551724075 0.02995689655172412
18 0.4575 0.10125 0.027494444444444488 0.02999444444444445
06 0.7737499999999999 0.193125 0.02248809523809514 0.10123809523809527
18 0.2375 0.329375 0.02499297752808985 0.028742977528089853
13 0.89 0.095 0.11249509803921565 0.0499950980392157
06 0.898125 0.59625 0.006206896551724128 0.10495689655172413
03 0.22875 0.651875 0.027478448275862072 0.10372844827586214
09 0.27875 0.809375 0.04988636363636367 0.036136363636363744
03 0.9275 0.156875 0.037485795454545334 0.038735795454545446
