06 0.229375 0.905625 0.011233552631578991 0.026233552631578894
08 0.550625 0.80125 0.01624161073825503 0.032491610738254906
08 0.380625 0.566875 0.00870689655172413 0.016206896551724137
08 0.38875000000000004 0.65875 0.024994444444444486 0.014994444444444421
05 0.67875 0.321875 0.019988095238095194 0.018738095238095276
01 0.548125 0.7325 0.0212429775280899 0.01749297752808987
01 0.7775 0.5925 0.024995098039215735 0.022495098039215677
03 0.17125 0.95 0.01995689655172414 0.032456896551724124
11 0.900625 0.09125 0.021228448275862233 0.022478448275862067
07 0.76875 0.035625 0.039886363636363664 0.023636363636363632
03 0.09875 0.17875000000000002 0.022485795454545474 0.04498579545454548
