19 0.9212499999999999 0.02 0.029983552631578925 0.014983552631578946
00 0.709375 0.9312499999999999 0.021241610738254924 0.014991610738254946
18 0.668125 0.391875 0.016206896551724137 0.01870689655172414
10 0.215625 0.8456250000000001 0.021244444444444427 0.01874444444444434
03 0.26187499999999997 0.168125 0.036238095238095236 0.016238095238095274
07 0.885 0.35124999999999995 0.029992977528089826 0.062492977528089855
11 0.8668750000000001 0.754375 0.02374509803921565 0.028745098039215655
04 0.306875 0.095 0.023706896551724144 0.014956896551724136
09 0.18625 0.53625 0.02247844827586204 0.03497844827586216
03 0.148125 0.2025 0.013636363636363641 0.019886363636363674
05 0.22125 0.97625 0.017485795454545483 0.037485795454545334
08 0.32375 0.645625 0.017469512195121994 0.03871951219512204
