06 0.75125 0.6956249999999999 0.019983552631578916 0.023733552631578836
03 0.7825 0.648125 0.03749161073825491 0.031241610738254932
14 0.09625 0.930625 0.05995689655172415 0.026206896551724146
03 0.2525 0.41375 0.03249444444444441 0.07499444444444447
19 0.81125 0.3825 0.027488095238095145 0.02498809523809531
11 0.74 0.50875 0.039992977528089835 0.02749297752808988
05 0.3725 0.339375 0.01999509803921573 0.04624509803921567
18 0.239375 0.26875 0.023706896551724116 0.02745689655172412
18 0.27375 0.27749999999999997 0.01747844827586209 0.019978448275862093
12 0.728125 0.62375 0.04113636363636375 0.04488636363636367
