10 0.133125 0.174375 0.03123355263157894 0.023733552631578975
15 0.5487500000000001 0.89 0.03249161073825502 0.042491610738254915
00 0.8006249999999999 0.7875 0.04120689655172416 0.03495689655172418
14 0.28500000000000003 0.26625 0.0499944444444444 0.04749444444444445
13 0.8912500000000001 0.690625 0.06498809523809512 0.04373809523809513
03 0.84875 0.0625 0.05249297752808979 0.052492977528089894
06 0.8275 0.7206250000000001 0.03999509803921564 0.07624509803921564
14 0.489375 0.16 0.023706896551724144 0.03995689655172413
09 0.25187499999999996 0.123125 0.058728448275862044 0.04622844827586206
06 0.74375 0.909375 0.05238636363636373 0.0961363636363638
18 0.599375 0.37375 0.026235795454545463 0.027485795454545492
11 0.218125 0.200625 0.03871951219512196 0.026219512195121975
04 0.495625 0.08125 0.03873214285714277 0.03498214285714285
03 0.3725 0.42625 0.014987500000000042 0.06248750000000003
