04 0.919375 0.745625 0.05373355263157886 0.043733552631578965
01 0.685 0.21687499999999998 0.06749161073825494 0.05624161073825504
06 0.733125 0.22312500000000002 0.04120689655172416 0.026206896551724118
18 0.69875 0.343125 0.037494444444444386 0.03874444444444447
18 0.184375 0.459375 0.03123809523809526 0.03373809523809529
20 0.1975 0.05 0.062492977528089855 0.03999297752808989
02 0.8049999999999999 0.9293750000000001 0.032495098039215686 0.0837450980392157
03 0.75625 0.7075 0.03495689655172418 0.14495689655172406
06 0.29625 0.440625 0.039978448275862055 0.028728448275862073
18 0.17125 0.935 0.03488636363636366 0.03738636363636372
07 0.5 0.61 0.08248579545454549 0.10998579545454534
