04 0.524375 0.9625 0.051233552631578916 0.03498355263157893
06 0.12250209731543624 0.41625 0.11499580536912751 0.15499161073825507
03 0.61375 0.39 0.07745689655172416 0.03995689655172413
00 0.625 0.794375 0.04499444444444445 0.04624444444444442
04 0.03875 0.576875 0.049988095238095234 0.03873809523809524
03 0.6875 0.173125 0.07249297752808981 0.043742977528089866
04 0.9593750000000001 0.568125 0.04374509803921567 0.031245098039215602
03 0.811875 0.125625 0.061206896551724066 0.04870689655172414
04 0.556875 0.608125 0.05122844827586204 0.043728448275862086
02 0.78375 0.558125 0.06988636363636369 0.09363636363636363
03 0.900625 0.8075 0.026235795454545352 0.07498579545454542
20 0.76625 0.256875 0.02746951219512206 0.021219512195121998
