07 0.264375 0.7625 0.018733552631578998 0.029983552631578925
07 0.9212520973154363 0.43937290268456375 0.019995805369127484 0.023745805369127515
14 0.700625 0.64125 0.016206896551724026 0.03495689655172418
08 0.7987500000000001 0.778125 0.019994444444444315 0.01874444444444434
01 0.49624999999999997 0.2425 0.00998809523809524 0.007488095238095266
03 0.156875 0.718125 0.01874297752808987 0.026242977528089906
13 0.275625 0.384375 0.05624509803921568 0.03874509803921572
03 0.3275 0.261875 0.032456896551724124 0.033706896551724125
03 0.915625 0.136875 0.01372844827586217 0.016228448275862062
03 0.9881249999999999 0.663125 0.016136363636363726 0.01363636363636378
04 0.7675000000000001 0.085625 0.02248579545454532 0.02123579545454546
07 0.1756326219512195 0.680625 0.028734756097560987 0.023719512195122028
20 0.5225 0.4525 0.014982142857142833 0.01248214285714283
