13 0.5412541118421053 0.885 0.07999177631578946 0.037483552631578876
02 0.7625 0.18625000000000003 0.034991610738254963 0.03499161073825505
08 0.07250000000000001 0.411875 0.012456896551724148 0.043706896551724106
14 0.75875 0.04812500000000001 0.014994444444444421 0.08624444444444446
06 0.6331249999999999 0.67875 0.01873809523809522 0.034988095238095096
13 0.29125 0.7037500000000001 0.062492977528089855 0.05499297752808985
03 0.83125 0.598125 0.027495098039215682 0.06624509803921574
20 0.436875 0.684375 0.028706896551724148 0.026206896551724146
18 0.7175 0.379375 0.02747844827586221 0.028728448275862073
04 0.725625 0.669375 0.04113636363636375 0.043636363636363806
03 0.766875 0.26125 0.01873579545454529 0.024985795454545462
03 0.89625 0.71 0.01746951219512205 0.04996951219512191
14 0.21000000000000002 0.809375 0.05748214285714284 0.043732142857142775
