09 0.21125 0.7762458881578946 0.042483552631578964 0.027491776315789473
10 0.9275 0.3375 0.022491610738254897 0.02499161073825501
08 0.101875 0.54 0.038706896551724115 0.029956896551724177
06 0.395 0.379375 0.09249444444444449 0.023744444444444512
04 0.175625 0.14375 0.026238095238095283 0.022488095238095224
13 0.8999999999999999 0.533125 0.07499297752808987 0.028742977528089853
15 0.51375 0.385 0.027495098039215682 0.029995098039215684
06 0.2925 0.87625 0.04995689655172414 0.024956896551724173
06 0.5549999999999999 0.865625 0.012478448275862086 0.03372844827586219
03 0.46687500000000004 0.11184659090909091 0.02613636363636357 0.018693181818181817
03 0.8043750000000001 0.3825 0.04623579545454526 0.03248579545454544
00 0.809375 0.130625 0.02871951219512192 0.026219512195121947
03 0.60875 0.225 0.04498214285714286 0.02498214285714284
