03 0.878125 0.770625 0.05373355263157886 0.023733552631578947
14 0.34625 0.5237499999999999 0.034991610738255075 0.03249161073825502
12 0.79375 0.59375 0.07745689655172405 0.0549568965517242
03 0.6593749999999999 0.775 0.07124444444444444 0.03499444444444433
20 0.408125 0.546875 0.03623809523809529 0.031238095238095287
08 0.055 0.045625000000000006 0.04749297752808988 0.0762429775280899
08 0.47562499999999996 0.060625 0.10874509803921567 0.08124509803921569
20 0.771875 0.4275 0.0387068965517241 0.034956896551724126
01 0.268125 0.291875 0.02372844827586207 0.02372844827586207
10 0.561875 0.4275 0.04613636363636364 0.06238636363636363
04 0.701875 0.28375 0.05373579545454532 0.0349857954545455
09 0.44 0.246875 0.05246951219512197 0.04871951219512197
03 0.8175 0.19875 0.05248214285714292 0.017482142857142835
01 0.688125 0.8987499999999999 0.028737500000000082 0.022487500000000105
