00 0.73875 0.93875 0.017483552631578858 0.014983552631578911
04 0.65875 0.23875000000000002 0.024991610738254955 0.022491610738255036
03 0.80875 0.0675 0.014956896551724164 0.019956896551724147
20 0.2825 0.9606250000000001 0.01249444444444442 0.01124444444444428
09 0.725 0.83375 0.019988095238095083 0.03248809523809504
08 0.406875 0.155625 0.01374297752808984 0.021242977528089874
00 0.578125 0.8362499999999999 0.028745098039215655 0.01999509803921573
04 0.35250000000000004 0.32 0.017456896551724166 0.019956896551724168
01 0.088125 0.33125 0.016228448275862062 0.014978448275862033
08 0.935 0.6356250000000001 0.019886363636363646 0.018636363636363673
15 0.9775 0.8625 0.012485795454545312 0.027485795454545325
20 0.906875 0.528125 0.018719512195122023 0.02121951219512197
