20 0.88375 0.8656250000000001 0.019983552631578916 0.018733552631578942
04 0.105625 0.551875 0.02124161073825505 0.023741610738255092
08 0.22 0.64625 0.032456896551724124 0.019956896551724057
15 0.2175 0.133125 0.014994444444444421 0.013744444444444448
10 0.824375 0.5525 0.01873809523809511 0.019988095238095305
01 0.76 0.326875 0.019992977528089817 0.01624297752808984
20 0.046875 0.35125 0.016245098039215686 0.017495098039215673
17 0.7112499999999999 0.9862500000000001 0.019956896551724168 0.022456896551724115
14 0.2225 0.6925 0.03497844827586205 0.022478448275862206
11 0.270625 0.4275 0.021136363636363675 0.01988636363636359
15 0.061875 0.65125 0.023735795454545454 0.012485795454545423
11 0.464375 0.021249999999999998 0.026219512195121975 0.017469512195121953
01 0.05 0.045 0.017482142857142856 0.01498214285714286
