12 0.453125 0.09312499999999999 0.0362335526315789 0.038733552631578946
04 0.1825 0.936875 0.02749161073825504 0.02374161073825487
03 0.25375000000000003 0.606875 0.017456896551724138 0.026206896551724035
10 0.396875 0.4525 0.023744444444444512 0.024994444444444486
18 0.684375 0.428125 0.021238095238095167 0.02373809523809528
04 0.07875 0.1 0.034992977528089886 0.0324929775280899
04 0.024375 0.7537499999999999 0.03374509803921569 0.02999509803921574
14 0.7581249999999999 0.611875 0.04620689655172405 0.023706896551724088
13 0.22812500000000002 0.058125 0.051228448275862065 0.036228448275862066
01 0.33999999999999997 0.538125 0.024886363636363595 0.023636363636363567
13 0.710625 0.715625 0.13123579545454533 0.07373579545454534
07 0.3025 0.3543673780487805 0.03746951219512196 0.05873475609756096
