04 0.701875 0.39749999999999996 0.07623355263157894 0.04498355263157888
07 0.23875000000000002 0.244375 0.09499161073825504 0.17874161073825504
04 0.071875 0.389375 0.07370689655172413 0.03870689655172416
03 0.698125 0.13 0.08124444444444445 0.14499444444444443
14 0.105625 0.19874999999999998 0.05373809523809524 0.05248809523809525
06 0.6556232443820225 0.5549999999999999 0.141246488764045 0.2649929775280898
12 0.551875 0.124375 0.0787450980392157 0.08374509803921568
06 0.54 0.130625 0.1799568965517241 0.11370689655172415
11 0.411875 0.843125 0.07122844827586206 0.05122844827586226
20 0.505 0.845 0.057386363636363624 0.057386363636363735
03 0.18125 0.179375 0.07498579545454548 0.04373579545454548
