15 0.22312500000000002 0.8825000000000001 0.008733552631578961 0.019983552631578916
06 0.6193770973154362 0.555625 0.02874580536912752 0.018741610738255088
19 0.6799999999999999 0.95625 0.029956896551724177 0.04245689655172413
00 0.768125 0.08875000000000001 0.026244444444444404 0.022494444444444456
12 0.88 0.29312499999999997 0.06748809523809518 0.026238095238095227
20 0.49 0.7262500000000001 0.024992977528089877 0.022492977528089875
04 0.25312500000000004 0.879375 0.02874509803921571 0.02624509803921571
20 0.0175 0.5825 0.02995689655172414 0.022456896551724115
20 0.95375 0.0062499999999999995 0.00997844827586225 0.009978448275862068
08 0.426875 0.6980965909090909 0.03613636363636363 0.016193181818181968
