03 0.41812499999999997 0.3425 0.038733552631578905 0.017483552631578914
03 0.35625 0.80375 0.024991610738255066 0.03999161073825486
01 0.186875 0.34125 0.01870689655172411 0.019956896551724168
20 0.729375 0.34687500000000004 0.0212444444444444 0.018744444444444508
11 0.73875 0.511875 0.0399880952380951 0.038738095238095294
03 0.8 0.553125 0.032492977528089884 0.018742977528089844
08 0.244375 0.335625 0.03624509803921572 0.038745098039215664
03 0.950625 0.774375 0.02120689655172414 0.018706896551724195
01 0.063125 0.89125 0.016228448275862062 0.012478448275862197
18 0.28 0.0375 0.019886363636363702 0.02238636363636363
14 0.448125 0.21500000000000002 0.028735795454545465 0.03248579545454547
01 0.911875 0.329375 0.02121951219512197 0.021219512195122026
