12 0.936875 0.441875 0.01873355263157883 0.02373355263157889
01 0.281875 0.9606250000000001 0.018741610738255032 0.01624161073825492
01 0.32125000000000004 0.6837500000000001 0.009956896551724104 0.012456896551724106
03 0.675 0.836875 0.007494444444444359 0.01874444444444434
14 0.7262500000000001 0.18 0.024988095238095087 0.02498809523809528
03 0.9406232443820225 0.44 0.011246488764044882 0.02749297752808988
07 0.51 0.34624999999999995 0.014995098039215726 0.03999509803921569
03 0.6287499999999999 0.45999999999999996 0.04495689655172408 0.03995689655172413
03 0.6950000000000001 0.5237499999999999 0.01997844827586215 0.022478448275862095
04 0.6581250000000001 0.43437499999999996 0.016136363636363726 0.013636363636363613
01 0.875 0.90625 0.02498579545454538 0.027485795454545325
