08 0.5675 0.4525 0.052483552631579 0.03998355263157888
06 0.169375 0.175 0.06124161073825507 0.12999161073825505
03 0.5137499999999999 0.18625 0.17745689655172414 0.08245689655172411
14 0.604375 0.616875 0.051244444444444426 0.05874444444444449
08 0.62625 0.691875 0.044988095238095216 0.021238095238095056
13 0.7518750000000001 0.858125 0.05124297752808993 0.0937429775280898
15 0.32437499999999997 0.674375 0.02124509803921565 0.05874509803921579
12 0.08437499999999999 0.773125 0.06120689655172414 0.07870689655172414
04 0.36875 0.16125 0.03247844827586205 0.03747844827586205
10 0.16562500000000002 0.8106249999999999 0.03363636363636366 0.02363636363636379
18 0.3775 0.411875 0.027485795454545436 0.031235795454545467
04 0.67625 0.620625 0.039969512195122014 0.043719512195121935
12 0.53125 0.531875 0.04498214285714286 0.04623214285714283
