11 0.4375 0.7675000000000001 0.03498355263157893 0.022483552631578863
04 0.41625 0.235625 0.022491610738255063 0.013741610738255028
04 0.52625 0.745625 0.024956896551724173 0.02120689655172414
08 0.83875 0.040625 0.02499444444444432 0.023744444444444443
09 0.5662499999999999 0.915 0.017488095238095247 0.0399880952380951
11 0.651875 0.899375 0.026242977528089906 0.026242977528089795
15 0.920625 0.416875 0.03374509803921566 0.018745098039215646
14 0.06 0.83 0.022456896551724143 0.03745689655172413
18 0.489375 0.704375 0.01372844827586206 0.018728448275862175
18 0.08374999999999999 0.16062500000000002 0.014886363636363628 0.018636363636363645
03 0.825625 0.943125 0.031235795454545356 0.013735795454545396
01 0.05625 0.128125 0.01496951219512195 0.011219512195121947
03 0.635 0.254375 0.012482142857142886 0.02123214285714284
03 0.634375 0.276875 0.018737500000000074 0.04373750000000004
