04 0.06437499999999999 0.84875 0.03373355263157894 0.02498355263157892
18 0.24 0.3675 0.01749161073825503 0.01999161073825506
03 0.900625 0.47 0.02120689655172414 0.03745689655172413
05 0.24 0.051875000000000004 0.02499444444444443 0.02874444444444444
06 0.48875 0.426875 0.06498809523809529 0.04873809523809525
14 0.424375 0.84875 0.016242977528089897 0.014992977528089924
03 0.118125 0.8474999999999999 0.021245098039215676 0.02999509803921574
20 0.21187499999999998 0.52875 0.021206896551724114 0.022456896551724115
12 0.51125 0.276875 0.07247844827586203 0.031228448275862075
14 0.32625 0.983125 0.019886363636363646 0.028636363636363793
04 0.85875 0.3625 0.027485795454545325 0.02498579545454549
01 0.729375 0.4225 0.033719512195121926 0.03246951219512195
