14 0.24062499999999998 0.75875 0.026233552631578977 0.04248355263157888
18 0.78625 0.678125 0.01999161073825495 0.02374161073825487
03 0.705 0.67875 0.04745689655172414 0.02495689655172406
20 0.395 0.08125 0.027494444444444488 0.024994444444444458
08 0.8018720238095238 0.516875 0.038744047619047595 0.05123809523809525
20 0.5331250000000001 0.266875 0.01374297752808984 0.01624297752808984
13 0.8274999999999999 0.686875 0.052495098039215704 0.03374509803921577
03 0.36812500000000004 0.635625 0.013706896551724135 0.053706896551724226
06 0.549375 0.593125 0.028728448275861962 0.1062284482758622
07 0.684375 0.370625 0.06613636363636377 0.028636363636363626
03 0.7987500000000001 0.135 0.024985795454545268 0.017485795454545455
13 0.346875 0.5249999999999999 0.09371951219512198 0.03496951219512201
00 0.8443750000000001 0.405 0.02123214285714281 0.01998214285714278
14 0.6443749999999999 0.631875 0.02873749999999997 0.03123750000000003
