00 0.941875 0.749375 0.026233552631578894 0.023733552631578947
10 0.839375 0.6312499999999999 0.038741610738254884 0.024991610738254955
12 0.9775 0.251875 0.03495689655172407 0.03870689655172413
13 0.23625138888888889 0.045625000000000006 0.029997222222222175 0.07374444444444446
06 0.7112499999999999 0.8356250000000001 0.08748809523809509 0.06873809523809504
03 0.28312499999999996 0.056874999999999995 0.04624297752808987 0.033742977528089885
03 0.36125 0.84875 0.09999509803921569 0.03999509803921564
14 0.8175 0.725 0.049956896551724084 0.04495689655172419
06 0.44 0.3775 0.022478448275862095 0.0274784482758621
06 0.62 0.676875 0.014886363636363642 0.03113636363636374
03 0.11937500000000001 0.23562499999999997 0.06873579545454546 0.04623579545454545
