18 0.509375 0.399375 0.028733552631578896 0.031233552631578898
12 0.684375 0.353125 0.0537416107382549 0.06374161073825507
07 0.415625 0.831875 0.03870689655172416 0.016206896551724137
06 0.836875 0.368125 0.02874444444444435 0.02124444444444451
13 0.136875 0.47000000000000003 0.03873809523809524 0.10998809523809527
06 0.295625 0.268125 0.041242977528089864 0.16624297752808984
09 0.506875 0.8575 0.033745098039215715 0.07999509803921567
10 0.69375 0.30125 0.04745689655172414 0.04245689655172413
03 0.8531249999999999 0.38249999999999995 0.026228448275862237 0.04747844827586206
02 0.27437500000000004 0.15375 0.056136363636363706 0.049886363636363645
03 0.494375 0.379375 0.05373579545454543 0.04873579545454548
04 0.584375 0.43437499999999996 0.043719512195121935 0.038719512195121986
05 0.7087544642857142 0.6956249999999999 0.04249107142857145 0.03873214285714288
