03 0.17125 0.44625000000000004 0.019983552631579 0.042483552631578936
15 0.276875 0.63 0.03874161073825505 0.01999161073825495
11 0.193125 0.2825 0.03620689655172413 0.027456896551724175
08 0.769375 0.483125 0.033744444444444355 0.031244444444444464
01 0.935625 0.8125 0.01873809523809511 0.01498809523809519
04 0.066875 0.335625 0.03124297752808989 0.028742977528089853
05 0.271875 0.23812499999999998 0.018745098039215702 0.041245098039215694
15 0.7093750000000001 0.379375 0.011206896551724133 0.023706896551724144
11 0.911875 0.95625 0.03372844827586219 0.01997844827586215
04 0.6225 0.725 0.029886363636363655 0.022386363636363704
03 0.839375 0.330625 0.13373579545454528 0.0662357954545455
