08 0.515 0.405625 0.017483552631578858 0.0337335526315789
12 0.198125 0.639375 0.03874161073825505 0.038741610738254884
18 0.195 0.081875 0.01995689655172414 0.021206896551724128
03 0.690625 0.5387500000000001 0.04624444444444442 0.02499444444444443
03 0.599375 0.774375 0.04373809523809524 0.03373809523809512
07 0.8899982443820225 0.15812500000000002 0.03249648876404487 0.021242977528089874
06 0.861875 0.213125 0.048745098039215784 0.05874509803921568
18 0.27125 0.8143750000000001 0.014956896551724164 0.018706896551724195
10 0.02125 0.9 0.02997844827586207 0.024978448275862153
20 0.49187500000000006 0.531875 0.018636363636363618 0.018636363636363562
20 0.675 0.4975 0.019985795454545374 0.017485795454545427
14 0.963125 0.09937499999999999 0.016219512195121966 0.04871951219512195
