05 0.19687500000000002 0.674375 0.01873355263157897 0.013733552631578827
15 0.219375 0.24625 0.006241610738255049 0.012491610738255055
03 0.24312499999999998 0.8981250000000001 0.046206896551724136 0.04620689655172405
14 0.534375 0.78125 0.013744444444444448 0.019994444444444426
12 0.636875 0.21125 0.02623809523809517 0.02248809523809528
03 0.84125 0.84125 0.022492977528089875 0.019992977528089928
13 0.239375 0.045 0.018745098039215702 0.04249509803921569
14 0.798125 0.45125 0.011206896551724133 0.02745689655172412
03 0.22062500000000002 0.769375 0.013728448275862087 0.02372844827586218
08 0.80125 0.02375 0.02738636363636371 0.009886363636363634
10 0.97 0.92125 0.029985795454545272 0.027485795454545325
