06 0.34249999999999997 0.19125 0.07998355263157897 0.01998355263157897
03 0.12375 0.63625 0.03249161073825506 0.034991610738254963
15 0.119375 0.823125 0.033706896551724125 0.0387068965517241
00 0.7625 0.0325 0.022494444444444373 0.014994444444444442
06 0.16375 0.344375 0.08498809523809525 0.08123809523809528
07 0.6700017556179776 0.96 0.032496488764044984 0.032492977528089884
15 0.579375 0.58625 0.03374509803921566 0.03749509803921569
18 0.105625 0.684375 0.02370689655172413 0.026206896551724146
04 0.20124999999999998 0.1225 0.019978448275862065 0.014978448275862075
05 0.66875 0.53125 0.04488636363636378 0.02488636363636365
08 0.15875 0.094375 0.06248579545454547 0.02123579545454546
04 0.21125 0.0725 0.03996951219512199 0.022469512195121936
03 0.8456294642857143 0.6875 0.058741071428571434 0.019982142857142726
06 0.629375 0.23875 0.05123750000000005 0.06748749999999998
