07 0.96875 0.786875 0.037483552631578876 0.01873355263157883
18 0.5643750000000001 0.175625 0.018741610738255088 0.021241610738255035
04 0.18375 0.9237500000000001 0.02995689655172412 0.022456896551724115
03 0.688125 0.885 0.0362444444444443 0.017494444444444368
06 0.46125 0.739375 0.07998809523809525 0.03873809523809513
12 0.47625 0.6074999999999999 0.032492977528089884 0.032492977528089884
12 0.1025 0.9325000000000001 0.03749509803921569 0.042495098039215695
06 0.15437499999999998 0.26 0.013706896551724107 0.029956896551724094
19 0.63 0.605 0.01747844827586209 0.03747844827586211
01 0.47750000000000004 0.5543750000000001 0.0298863636363636 0.03113636363636363
05 0.47875 0.68875 0.027485795454545436 0.027485795454545325
18 0.681875 0.60875 0.018719512195122023 0.022469512195121943
03 0.64125 0.265 0.03498214285714285 0.037482142857142825
