09 0.048125 0.72375 0.02873355263157895 0.02498355263157892
12 0.4525 0.31937499999999996 0.01999161073825506 0.043741610738255055
20 0.796875 0.236875 0.016206896551724137 0.016206896551724137
15 0.45125 0.5268736111111112 0.03249444444444449 0.0262472222222222
13 0.893125 0.213125 0.0612380952380952 0.04373809523809527
10 0.6856249999999999 0.15187499999999998 0.016242977528089786 0.01874297752808987
00 0.32125 0.8125 0.022495098039215677 0.02249509803921579
05 0.155 0.059375 0.009956896551724104 0.02120689655172414
18 0.631875 0.208125 0.011228448275862113 0.01372844827586206
06 0.565 0.2 0.009886363636363638 0.02738636363636368
07 0.620625 0.6612499999999999 0.03623579545454547 0.05998579545454541
