02 0.365 0.110625 0.04498355263157894 0.11123355263157897
15 0.808125 0.84125 0.018741610738254977 0.032491610738254906
05 0.3325 0.910625 0.06495689655172415 0.06370689655172412
04 0.950625 0.26625 0.05874444444444438 0.042494444444444446
15 0.446875 0.20125 0.05373809523809531 0.08998809523809526
03 0.4425 0.10375000000000001 0.09249297752808983 0.044992977528089895
06 0.23375 0.38312500000000005 0.10749509803921567 0.2012450980392157
14 0.24625 0.569375 0.11245689655172414 0.09370689655172415
10 0.1375 0.765 0.02997844827586206 0.024978448275862153
20 0.46875 0.805625 0.04988636363636356 0.04613636363636375
10 0.23375 0.473125 0.04748579545454548 0.04623579545454548
19 0.17625000000000002 0.62375 0.03996951219512196 0.057469512195121975
13 0.398125 0.11124999999999999 0.0787321428571428 0.10748214285714285
