06 0.490625 0.868125 0.02373355263157889 0.031233552631578898
07 0.358125 0.7481249999999999 0.07874161073825509 0.018741610738254866
03 0.6487499999999999 0.239375 0.05245689655172414 0.02120689655172414
19 0.90375 0.921875 0.04999444444444434 0.033744444444444355
06 0.510625 0.881875 0.021238095238095278 0.14123809523809516
12 0.5675 0.85375 0.0624929775280898 0.057492977528089906
10 0.90875 0.320625 0.03749509803921569 0.02374509803921565
03 0.033125 0.3825 0.03620689655172414 0.032456896551724124
03 0.604375 0.215 0.043728448275861975 0.04247844827586206
03 0.07125000000000001 0.57375 0.024886363636363637 0.037386363636363606
20 0.27937500000000004 0.92375 0.028735795454545465 0.017485795454545316
