03 0.061875 0.8125 0.013733552631578959 0.019983552631578805
03 0.621875 0.2425 0.02374161073825498 0.012491610738255055
13 0.8275 0.11875 0.0549568965517242 0.032456896551724124
14 0.105 0.28 0.022494444444444456 0.03249444444444444
13 0.4675 0.553125 0.03748809523809532 0.021238095238095278
20 0.373125 0.728125 0.018742977528089844 0.02124297752808979
09 0.5131249999999999 0.31875 0.03624509803921566 0.03499509803921569
14 0.06 0.518125 0.024956896551724145 0.023706896551724088
11 0.745 0.261875 0.024978448275862153 0.018728448275862064
13 0.3125 0.22125 0.017386363636363644 0.05738636363636368
10 0.943125 0.6968749999999999 0.011235795454545339 0.011235795454545339
18 0.326875 0.338125 0.01621951219512202 0.018719512195121968
