00 0.5575 0.366875 0.02498355263157892 0.016233552631578885
03 0.58 0.671875 0.034991610738255075 0.028741610738254986
09 0.605 0.880625 0.03495689655172418 0.046206896551724164
04 0.51375 0.134375 0.027494444444444488 0.02624444444444446
02 0.413125 0.037500000000000006 0.026238095238095283 0.05748809523809524
01 0.408125 0.440625 0.018742977528089844 0.01374297752808984
07 0.1637487745098039 0.19874999999999998 0.039997549019607864 0.0174950980392157
03 0.020625 0.341875 0.02870689655172414 0.04870689655172411
07 0.40812499999999996 0.909375 0.011228448275862057 0.03872844827586219
14 0.875625 0.72 0.03113636363636374 0.029886363636363766
