10 0.31625 0.53 0.02498355263157892 0.02498355263157892
05 0.278125 0.896875 0.03624161073825505 0.02374161073825487
03 0.17125 0.64625 0.06745689655172413 0.029956896551724066
08 0.604375 0.94875 0.013744444444444559 0.07499444444444436
03 0.77125 0.696875 0.03498809523809521 0.08123809523809511
03 0.731875 0.7075 0.053742977528089875 0.04249297752808978
14 0.48812500000000003 0.218125 0.08374509803921565 0.028745098039215683
03 0.25375 0.7025 0.052456896551724114 0.03745689655172413
08 0.5737553879310344 0.155 0.03248922413793098 0.062478448275862075
06 0.4087215909090909 0.703125 0.062443181818181814 0.10863636363636364
14 0.325625 0.413125 0.0712357954545455 0.026235795454545463
18 0.5 0.57875 0.029969512195122006 0.03246951219512195
05 0.8668750000000001 0.6681250000000001 0.04873214285714289 0.028732142857142873
14 0.08625000000000001 0.4375 0.057487500000000004 0.0324875
