03 0.43875 0.96 0.007483552631578905 0.014983552631578911
04 0.6575 0.826875 0.01999161073825495 0.013741610738254861
03 0.820635775862069 0.56 0.016228448275862006 0.022456896551724115
08 0.503125 0.608125 0.023744444444444457 0.02874444444444446
12 0.85625 0.076875 0.029988095238095203 0.03123809523809523
06 0.295625 0.45687500000000003 0.003742977528089886 0.048742977528089815
01 0.39 0.676875 0.01499509803921567 0.0162450980392157
03 0.405625 0.10875000000000001 0.05120689655172411 0.02245689655172413
18 0.540625 0.18562499999999998 0.011228448275862002 0.013728448275862087
06 0.870625 0.44625 0.0061363636363637175 0.0323863636363636
06 0.8287535511363637 0.37 0.059992897727272676 0.02498579545454549
14 0.868125 0.364375 0.02121951219512197 0.013719512195122019
18 0.33499999999999996 0.94125 0.01248214285714283 0.014982142857142833
03 0.052500000000000005 0.060625 0.014987499999999994 0.016237499999999988
