03 0.045625000000000006 0.860625 0.06623355263157896 0.0987335526315789
03 0.346875 0.06375 0.09374161073825504 0.03749161073825504
03 0.08312499999999999 0.130625 0.09120689655172412 0.05120689655172414
14 0.9225 0.51625 0.0524944444444444 0.057494444444444515
06 0.3425 0.38437202380952384 0.10248809523809527 0.051244047619047606
00 0.855625 0.580625 0.04124297752808981 0.028742977528089853
11 0.5606249999999999 0.9525 0.04124509803921572 0.027495098039215682
07 0.479375 0.18562499999999998 0.036206896551724155 0.01620689655172411
11 0.86625 0.193125 0.039978448275862166 0.03372844827586205
18 0.7537499999999999 0.29500000000000004 0.024886363636363762 0.027386363636363653
08 0.8518749999999999 0.366875 0.051235795454545374 0.013735795454545507
