08 0.576875 0.6168750000000001 0.023733552631578947 0.008733552631578934
06 0.37875209731543624 0.9068729026845637 0.06999580536912753 0.04374580536912742
05 0.6074999999999999 0.559375 0.014956896551724053 0.036206896551724044
08 0.453125 0.33125000000000004 0.011244444444444501 0.034994444444444495
17 0.8925 0.826875 0.027488095238095145 0.03373809523809512
20 0.21000000000000002 0.759375 0.019992977528089845 0.018742977528089844
06 0.22 0.765 0.03499509803921569 0.027495098039215682
07 0.349375 0.22749999999999998 0.028749999999999998 0.014956896551724136
06 0.168125 0.7337446120689655 0.03872844827586208 0.02748922413793109
06 0.90125 0.5418465909090909 0.07738636363636364 0.04619318181818177
06 0.384375 0.44562500000000005 0.02123579545454546 0.028735795454545465
03 0.65625 0.45625 0.04746951219512208 0.014969512195121992
