13 0.0975 0.9862500000000001 0.019983552631578944 0.027483552631578978
19 0.29 0.554375 0.01999161073825506 0.02624161073825504
08 0.50875 0.56125 0.02995689655172412 0.022456896551724115
03 0.734375 0.07062500000000001 0.0212444444444444 0.02624444444444446
15 0.534375 0.913125 0.021238095238095278 0.028738095238095118
03 0.65375 0.390625 0.027492977528089768 0.026242977528089906
00 0.53125 0.718125 0.017495098039215673 0.0162450980392157
03 0.7925 0.2125 0.012456896551724106 0.022456896551724115
10 0.434375 0.7306250000000001 0.028728448275862073 0.018728448275862175
14 0.87625 0.1175 0.012386363636363695 0.034886363636363646
13 0.32875 0.035625 0.017485795454545483 0.05373579545454545
