20 0.40249999999999997 0.027500000000000004 0.03998355263157888 0.03498355263157895
01 0.505 0.8875 0.07749161073825506 0.07249161073825483
03 0.581875 0.895 0.07870689655172414 0.07995689655172411
06 0.36250000000000004 0.6299999999999999 0.10999444444444445 0.04499444444444445
06 0.47375 0.135625 0.1624880952380952 0.06373809523809525
10 0.8325 0.8887499999999999 0.04499297752808984 0.04499297752808984
19 0.239375 0.635625 0.02624509803921571 0.046245098039215726
03 0.844375 0.143125 0.05120689655172406 0.07370689655172413
07 0.18875 0.07875 0.029978448275862046 0.03747844827586206
20 0.49312500000000004 0.396875 0.05113636363636359 0.038636363636363635
04 0.551875 0.856875 0.041235795454545476 0.02623579545454524
11 0.1025 0.28437500000000004 0.04746951219512194 0.03371951219512198
07 0.259375 0.62125 0.028732142857142817 0.08748214285714284
