20 0.02375 0.8125 0.019983552631578944 0.017483552631578858
12 0.443125 0.9137500000000001 0.02874161073825504 0.03749161073825491
08 0.755625 0.8031250000000001 0.011206896551724133 0.023706896551724088
04 0.18562499999999998 0.5487500000000001 0.021244444444444427 0.014994444444444421
03 0.738125 0.7537499999999999 0.028738095238095118 0.024988095238095087
10 0.685 0.26 0.029992977528089937 0.02499297752808985
11 0.760625 0.3225 0.021245098039215593 0.014995098039215726
16 0.784375 0.27249999999999996 0.03120689655172415 0.02995689655172412
03 0.9356249999999999 0.27625 0.01622844827586223 0.03747844827586211
07 0.61875 0.5706249999999999 0.11738636363636368 0.02113636363636362
13 0.610625 0.35562499999999997 0.023735795454545516 0.03373579545454547
06 0.345 0.606875 0.06746951219512193 0.061219512195121895
07 0.063125 0.39875 0.038732142857142854 0.05248214285714281
