04 0.16625 0.681875 0.05748355263157895 0.043733552631578965
12 0.655 0.48812500000000003 0.08249161073825506 0.06874161073825508
01 0.474375 0.7206250000000001 0.03120689655172415 0.018706896551724195
12 0.89625 0.4325 0.0674944444444443 0.07249444444444453
01 0.4225 0.5387500000000001 0.03248809523809526 0.029988095238095203
01 0.13 0.104375 0.034992977528089886 0.02374297752808989
03 0.246875 0.530625 0.0787450980392157 0.07374509803921564
20 0.74125 0.21687499999999998 0.04245689655172413 0.02870689655172412
03 0.4025 0.73375 0.04497844827586206 0.07247844827586225
03 0.5375 0.455 0.014886363636363642 0.0323863636363636
10 0.108125 0.6556249999999999 0.08873579545454545 0.08373579545454535
