13 0.17250000000000001 0.411875 0.09748355263157894 0.08623355263157889
00 0.066875 0.18874999999999997 0.03874161073825504 0.03749161073825505
03 0.705 0.504375 0.06745689655172415 0.021206896551724086
18 0.870625 0.92875 0.0212444444444444 0.022494444444444373
03 0.210625 0.23062500000000002 0.028738095238095257 0.058738095238095284
20 0.473125 0.37625 0.02624297752808985 0.024992977528089877
10 0.86375 0.8875 0.022495098039215677 0.022495098039215677
08 0.4425 0.35624999999999996 0.04745689655172414 0.02995689655172412
10 0.31 0.096875 0.0274784482758621 0.02372844827586207
06 0.47562499999999996 0.365 0.021136363636363564 0.024886363636363595
