10 0.12187500000000001 0.41000000000000003 0.018733552631578956 0.017483552631578914
10 0.874375 0.30437499999999995 0.02374161073825487 0.03874161073825505
13 0.380625 0.34375 0.036206896551724155 0.08745689655172417
01 0.35375 0.674375 0.01749444444444448 0.016244444444444395
03 0.23812499999999998 0.611875 0.026238095238095255 0.07123809523809521
03 0.49875 0.605625 0.05999297752808985 0.04874297752808987
10 0.848125 0.6925 0.02624509803921571 0.027495098039215682
12 0.610625 0.42375 0.06620689655172418 0.04245689655172413
00 0.566875 0.31875 0.028728448275862073 0.029978448275862102
05 0.07815340909090909 0.16312500000000002 0.03619318181818182 0.021136363636363648
05 0.5500035511363637 0.48312499999999997 0.034992897727272765 0.03873579545454542
18 0.65375 0.490625 0.022469512195122054 0.02621951219512203
03 0.2825 0.06125 0.08248214285714281 0.02498214285714284
10 0.446875 0.8125 0.03623749999999998 0.02748750000000011
