13 0.95375 0.17375000000000002 0.04998355263157883 0.18248355263157895
14 0.45375 0.7793749999999999 0.042491610738255026 0.08124161073825487
04 0.46562499999999996 0.808125 0.05120689655172411 0.046206896551724164
03 0.210625 0.61 0.03374444444444444 0.039994444444444444
20 0.548125 0.8006249999999999 0.04873809523809525 0.04623809523809508
04 0.7649999999999999 0.515 0.06499297752808986 0.049992977528089844
03 0.463125 0.7825 0.061245098039215684 0.05499509803921565
01 0.42125 0.8275 0.034956896551724126 0.03745689655172413
00 0.806875 0.7362500000000001 0.07122844827586228 0.04497844827586228
20 0.5025 0.16812500000000002 0.04238636363636361 0.031136363636363656
