13 0.7987458881578947 0.7418750000000001 0.10499177631578949 0.04873355263157897
03 0.8225 0.36 0.01999161073825495 0.09499161073825507
01 0.360625 0.23875000000000002 0.03870689655172416 0.027456896551724147
04 0.8175 0.77 0.037494444444444275 0.03999444444444433
06 0.740625 0.7474970238095238 0.07873809523809516 0.03249404761904762
03 0.7225 0.09062499999999998 0.0474929775280899 0.08124297752808987
14 0.113125 0.655 0.03124509803921567 0.0474950980392157
08 0.96875 0.6075 0.024956896551724173 0.03745689655172413
13 0.404375 0.05374999999999999 0.09122844827586207 0.06497844827586206
11 0.8175 0.15375 0.03238636363636371 0.03238636363636363
