03 0.731875 0.9099999999999999 0.0362335526315789 0.04998355263157894
03 0.025 0.495 0.029991610738255035 0.03749161073825502
15 0.979375 0.027500000000000004 0.01370689655172419 0.03495689655172414
03 0.5249999999999999 0.4625 0.03249444444444449 0.017494444444444535
04 0.226875 0.66125 0.03373809523809526 0.02248809523809503
06 0.653125 0.764375 0.011242977528089892 0.028742977528089853
11 0.905 0.1575 0.034995098039215744 0.022495098039215677
17 0.89625 0.6425000000000001 0.039956896551724075 0.039956896551724186
08 0.59125 0.78 0.014978448275862033 0.03747844827586222
14 0.218125 0.965625 0.06613636363636369 0.03113636363636374
