01 0.826875 0.349375 0.07623355263157894 0.08123355263157894
10 0.254375 0.54625 0.04624161073825506 0.027491610738255012
03 0.7175 0.965625 0.08245689655172417 0.04120689655172416
00 0.519375 0.574375 0.08374444444444445 0.05624444444444454
06 0.285 0.919375 0.16748809523809524 0.1337380952380952
07 0.874375 0.083125 0.09874297752808991 0.051242977528089886
14 0.12062500000000001 0.443125 0.1212450980392157 0.07124509803921569
04 0.168125 0.042499999999999996 0.08120689655172414 0.05495689655172414
19 0.489375 0.5175 0.076228448275862 0.08997844827586204
03 0.608125 0.41874999999999996 0.10363636363636375 0.25238636363636363
17 0.56375 0.235 0.0974857954545455 0.09998579545454545
12 0.24875000000000003 0.84625 0.124969512195122 0.11746951219512203
03 0.670625 0.27125 0.053732142857142784 0.07248214285714283
