03 0.5175000000000001 0.6968749999999999 0.009983552631578907 0.031233552631578898
10 0.32875 0.243125 0.01749161073825506 0.016241610738255086
03 0.43125 0.31437499999999996 0.02245689655172417 0.03870689655172416
03 0.31062500000000004 0.755 0.011244444444444446 0.017494444444444257
01 0.484375 0.53375 0.01123809523809527 0.012488095238095354
10 0.184375 0.563125 0.013742977528089867 0.016242977528089897
06 0.19437500000000002 0.990625 0.053745098039215705 0.006245098039215691
12 0.684375 0.865 0.036206896551724044 0.03745689655172413
15 0.26875 0.7175 0.012478448275862086 0.012478448275862197
01 0.270625 0.078125 0.008636363636363664 0.008636363636363636
04 0.19874999999999998 0.8143750000000001 0.017485795454545455 0.0187357954545454
