10 0.281875 0.5700000000000001 0.02873355263157895 0.029983552631578925
08 0.553125 0.48812500000000003 0.02624161073825504 0.061241610738255015
03 0.605 0.052500000000000005 0.049956896551724084 0.03995689655172414
12 0.7749999999999999 0.46875 0.047494444444444395 0.05249444444444451
15 0.753125 0.1925 0.031238095238095176 0.03998809523809527
03 0.6893750000000001 0.8656250000000001 0.04124297752808992 0.05624297752808982
01 0.82875 0.21625 0.03749509803921569 0.02499509803921568
08 0.500625 0.7093750000000001 0.061206896551724066 0.02120689655172414
18 0.215625 0.49812500000000004 0.026228448275862043 0.031228448275862075
07 0.745 0.1625 0.014886363636363642 0.07988636363636364
03 0.8668750000000001 0.441875 0.021235795454545348 0.028735795454545465
07 0.836875 0.6156250000000001 0.013719512195122019 0.10871951219512199
