03 0.5018750000000001 0.47375 0.04873355263157897 0.07248355263157885
18 0.9650000000000001 0.245625 0.034991610738254963 0.03874161073825505
14 0.909375 0.031875 0.06120689655172418 0.04370689655172414
01 0.379375 0.166875 0.026244444444444515 0.021244444444444455
00 0.671875 0.146875 0.05123809523809508 0.033738095238095234
19 0.28375 0.11812500000000001 0.04249297752808989 0.048742977528089884
01 0.51125 0.956875 0.02499509803921568 0.02624509803921571
03 0.923125 0.504375 0.02120689655172414 0.0337068965517241
03 0.453125 0.290625 0.04872844827586209 0.03372844827586202
03 0.7831250000000001 0.5974999999999999 0.04613636363636375 0.054886363636363567
