06 0.92625 0.676875 0.0724835526315789 0.011233552631578991
09 0.365625 0.33999999999999997 0.031241610738255043 0.02499161073825501
06 0.35250000000000004 0.48562500000000003 0.017456896551724166 0.03120689655172415
04 0.90375 0.9768749999999999 0.019994444444444315 0.021244444444444288
06 0.04625 0.75875 0.05248809523809522 0.054988095238095114
03 0.500625 0.54125 0.023742977528089904 0.019992977528089817
03 0.791875 0.2125 0.018745098039215646 0.03999509803921569
14 0.735625 0.536875 0.02120689655172414 0.028706896551724093
03 0.22062500000000002 0.170625 0.011228448275862085 0.043728448275862086
14 0.27125 0.545625 0.0173863636363637 0.061136363636363544
