19 0.845625 0.044375 0.016233552631578885 0.016233552631578947
01 0.878125 0.46875 0.013741610738254972 0.012491610738254999
19 0.859375 0.914375 0.026206896551724146 0.016206896551724137
01 0.9575 0.5137499999999999 0.01499444444444431 0.009994444444444528
15 0.6793750000000001 0.631875 0.021238095238095167 0.02623809523809517
09 0.29375 0.6387499999999999 0.02499297752808982 0.022492977528089875
13 0.65875 0.36624999999999996 0.042495098039215695 0.03999509803921569
15 0.785625 0.020625 0.011206896551724133 0.013706896551724137
01 0.33562499999999995 0.10125 0.02622844827586207 0.022478448275862054
20 0.8162499999999999 0.364375 0.0173863636363637 0.016136363636363615
14 0.5925 0.414375 0.019985795454545485 0.013735795454545507
03 0.18937500000000002 0.415625 0.016219512195121993 0.03121951219512198
15 0.888125 0.065 0.03123214285714282 0.02498214285714285
14 0.85625 0.30375 0.01748749999999999 0.04248750000000001
