15 0.96375 0.379375 0.03248355263157898 0.051233552631578916
20 0.640625 0.110625 0.031241610738255043 0.02624161073825504
03 0.43562500000000004 0.37312500000000004 0.028706896551724148 0.0987068965517241
03 0.46375 0.09 0.08749444444444454 0.057494444444444445
20 0.221875 0.193125 0.04373809523809527 0.036238095238095264
03 0.7012499999999999 0.41437500000000005 0.047492977528089786 0.02624297752808985
05 0.92875 0.18312499999999998 0.04999509803921576 0.0487450980392157
18 0.16999999999999998 0.75625 0.03245689655172415 0.03495689655172418
11 0.454375 0.460625 0.05372844827586204 0.043728448275862086
06 0.528125 0.531875 0.016136363636363615 0.03613636363636363
14 0.36375 0.33125000000000004 0.032485795454545496 0.07998579545454548
