14 0.131875 0.8831249999999999 0.02123355263157893 0.02123355263157889
13 0.685625 0.32 0.021241610738254924 0.08999161073825501
04 0.2575 0.330625 0.02495689655172409 0.02120689655172414
04 0.869375 0.486875 0.016244444444444284 0.023744444444444457
15 0.10375 0.12312500000000001 0.02998809523809523 0.016238095238095232
14 0.05437499999999999 0.365625 0.03874297752808988 0.013742977528089895
09 0.74 0.9568737745098039 0.01999509803921562 0.02374754901960785
03 0.173125 0.07375 0.03370689655172415 0.01995689655172414
14 0.975625 0.293125 0.04122844827586214 0.018728448275862064
06 0.893125 0.9750000000000001 0.011136363636363833 0.0173863636363637
