03 0.75 0.9312499999999999 0.03998355263157882 0.03248355263157887
19 0.25125 0.204375 0.019991610738255033 0.03874161073825505
20 0.110625 0.249375 0.011206896551724133 0.008706896551724103
05 0.15125 0.91625 0.014994444444444477 0.03249444444444438
11 0.206875 0.708125 0.026238095238095283 0.02623809523809517
09 0.435 0.075625 0.04499297752808984 0.033742977528089885
09 0.693125 0.90625 0.028745098039215655 0.027495098039215682
12 0.96375 0.731875 0.049956896551724084 0.03870689655172421
11 0.11812500000000001 0.32375 0.02622844827586207 0.027478448275862044
06 0.3375 0.891875 0.022386363636363593 0.01363636363636378
03 0.7875000000000001 0.28375 0.03248579545454533 0.05748579545454546
12 0.4375 0.26125 0.039969512195122014 0.03496951219512198
06 0.24875 0.10500000000000001 0.027482142857142844 0.09498214285714286
