10 0.765625 0.03375 0.01873355263157883 0.032483552631578955
11 0.77 0.23500000000000001 0.02999161073825496 0.03249161073825507
04 0.205625 0.85375 0.028706896551724148 0.029956896551724066
06 0.2475 0.9237500000000001 0.06249444444444441 0.07749444444444442
03 0.6275 0.6612499999999999 0.03248809523809526 0.05998809523809523
14 0.955625 0.538125 0.028742977528089853 0.036242977528089804
03 0.6575 0.06125 0.017495098039215673 0.04499509803921569
01 0.036875000000000005 0.078125 0.023706896551724137 0.02370689655172413
04 0.5456303879310345 0.67875 0.03123922413793101 0.02747844827586221
13 0.414375 0.7275 0.07863636363636362 0.03238636363636371
