18 0.38875000000000004 0.17875 0.022483552631578918 0.024983552631578976
03 0.443125 0.555625 0.021241610738255035 0.02374161073825498
07 0.20937499999999998 0.59375 0.03620689655172413 0.03745689655172413
06 0.42437499999999995 0.4475 0.0662444444444445 0.07499444444444447
15 0.5225 0.965625 0.03498809523809532 0.021238095238095167
06 0.941875 0.83125 0.07374297752808978 0.057492977528089795
03 0.375 0.965625 0.014995098039215726 0.03374509803921566
12 0.7037500000000001 0.03375 0.08495689655172411 0.042456896551724146
06 0.69875 0.3825 0.022478448275862206 0.0849784482758621
18 0.65 0.13374999999999998 0.022386363636363704 0.024886363636363623
09 0.621875 0.15500000000000003 0.023735795454545516 0.03248579545454547
13 0.515625 0.819375 0.03121951219512198 0.06871951219512196
