06 0.3075 0.20375 0.04998355263157894 0.04998355263157897
18 0.315 0.275 0.01999161073825506 0.019991610738255006
18 0.24125000000000002 0.481875 0.009956896551724131 0.01370689655172408
04 0.565625 0.7206250000000001 0.026244444444444515 0.021244444444444288
06 0.849375 0.2575 0.013738095238095216 0.02248809523809528
09 0.6225 0.7562500000000001 0.032492977528089884 0.03499297752808983
05 0.75625 0.515 0.03999509803921564 0.01999509803921562
20 0.19125 0.081875 0.022456896551724115 0.021206896551724128
12 0.08812500000000001 0.41312499999999996 0.026228448275862057 0.05122844827586209
03 0.32875 0.308125 0.03488636363636366 0.021136363636363675
02 0.75 0.323125 0.054985795454545405 0.028735795454545465
04 0.8543750000000001 0.7506250000000001 0.026219512195121975 0.026219512195121975
00 0.585 0.5262500000000001 0.022482142857142784 0.019982142857142837
03 0.7575000000000001 0.3125 0.06998749999999998 0.02498750000000005
