17 0.07125 0.969375 0.03748355263157895 0.0362335526315789
01 0.139375 0.15187499999999998 0.018741610738255032 0.01874161073825506
05 0.74875 0.165 0.029956896551724177 0.024956896551724117
06 0.675 0.21687499999999998 0.012494444444444364 0.02374444444444443
04 0.5375 0.04625 0.02248809523809525 0.027488095238095228
09 0.5862499999999999 0.7093750000000001 0.014992977528089813 0.04624297752808981
03 0.448125 0.87125 0.04374509803921567 0.027495098039215682
01 0.2025 0.309375 0.01995689655172414 0.016206896551724137
03 0.3725 0.44875 0.022478448275862095 0.04497844827586206
03 0.7362500000000001 0.525 0.0173863636363637 0.02488636363636365
