00 0.31625 0.660625 0.019983552631578916 0.013733552631578938
08 0.639375 0.22249999999999998 0.021241610738255035 0.032491610738255045
05 0.10125 0.15375 0.017456896551724124 0.032456896551724124
09 0.14875 0.72375 0.039994444444444444 0.029994444444444435
06 0.065 0.443125 0.059988095238095236 0.021238095238095278
06 0.71875 0.041874999999999996 0.01749297752808987 0.013742977528089888
03 0.606875 0.515625 0.011245098039215695 0.03624509803921572
19 0.37687499999999996 0.28125 0.01870689655172414 0.022456896551724115
15 0.145625 0.008125 0.018728448275862064 0.008728448275862069
03 0.33124999999999993 0.499375 0.02238636363636365 0.023636363636363678
00 0.15125 0.9125 0.019985795454545485 0.01498579545454537
14 0.72375 0.574375 0.02496951219512189 0.018719512195122023
11 0.175 0.3975 0.02248214285714281 0.02498214285714284
03 0.058124999999999996 0.065625 0.0337375 0.0287375
