14 0.259375 0.230625 0.03873355263157899 0.03623355263157896
05 0.8049999999999999 0.776875 0.0274916107382549 0.03624161073825494
10 0.36 0.6856249999999999 0.02995689655172412 0.023706896551724088
03 0.5225 0.1825 0.0374944444444445 0.07749444444444445
03 0.36125 0.97125 0.037488095238095265 0.03248809523809515
06 0.450625 0.448125 0.0212429775280899 0.07374297752808989
10 0.475 0.491875 0.027495098039215682 0.0162450980392157
18 0.03875 0.026250000000000002 0.02245689655172414 0.024956896551724138
01 0.145625 0.895 0.021228448275862066 0.014978448275862144
06 0.494375 0.16875 0.07363636363636356 0.009886363636363665
04 0.071875 0.509375 0.02873579545454545 0.02873579545454552
03 0.896875 0.74125 0.061219512195122006 0.04246951219512196
06 0.345625 0.296875 0.026232142857142815 0.02123214285714281
20 0.504375 0.7206250000000001 0.02123750000000002 0.023737500000000078
