11 0.90375 0.8025 0.06998355263157896 0.07748355263157891
03 0.1825 0.15375 0.03749161073825505 0.12999161073825505
15 0.875 0.713125 0.039956896551724075 0.046206896551724164
08 0.8456236111111111 0.5856236111111112 0.03624722222222221 0.028747222222222257
15 0.899375 0.1975 0.16123809523809507 0.06498809523809526
00 0.7075 0.85875 0.06749297752808991 0.0624929775280898
15 0.241875 0.19874999999999998 0.07124509803921567 0.0724950980392157
10 0.23375 0.035 0.04495689655172411 0.039956896551724144
14 0.37875000000000003 0.39625 0.07997844827586204 0.08247844827586204
15 0.429375 0.369375 0.07363636363636361 0.04863636363636359
08 0.8187535511363637 0.2675 0.10999289772727272 0.08998579545454546
20 0.239375 0.925 0.09121951219512195 0.07746951219512199
01 0.724375 0.310625 0.09373214285714282 0.061232142857142846
