03 0.52125 0.701875 0.017483552631578858 0.043733552631578854
03 0.73 0.543125 0.012491610738254888 0.02624161073825504
04 0.8418749999999999 0.2925 0.02120689655172414 0.01745689655172411
06 0.727498611111111 0.80375 0.02999722222222212 0.047494444444444395
03 0.8325 0.6437499999999999 0.027488095238095145 0.04748809523809516
12 0.22999999999999998 0.03375 0.03749297752808986 0.03749297752808989
11 0.68875 0.443125 0.02999509803921574 0.028745098039215655
08 0.460625 0.423125 0.028706896551724093 0.021206896551724086
14 0.64375 0.673125 0.032478448275862215 0.01622844827586223
13 0.6799999999999999 0.87375 0.04488636363636378 0.03488636363636377
13 0.57875 0.87625 0.03248579545454544 0.10248579545454528
14 0.12375 0.46875 0.01746951219512194 0.01746951219512194
10 0.1275 0.25875 0.022482142857142853 0.014982142857142833
