03 0.268125 0.481875 0.053733552631578974 0.0362335526315789
20 0.16999999999999998 0.72375 0.019991610738255033 0.022491610738254897
01 0.4425 0.781875 0.034956896551724126 0.026206896551724146
11 0.155 0.20500000000000002 0.029994444444444435 0.027494444444444405
08 0.915 0.6487499999999999 0.044988095238095105 0.044988095238095216
06 0.8162499999999999 0.700625 0.08499297752808987 0.023742977528089848
20 0.575 0.33999999999999997 0.022495098039215677 0.01749509803921573
12 0.243125 0.80125 0.06620689655172413 0.06745689655172415
09 0.338125 0.565625 0.02372844827586207 0.03122844827586213
15 0.313125 0.190625 0.023636363636363678 0.03613636363636366
03 0.9468749999999999 0.024375 0.021235795454545348 0.011235795454545457
07 0.043125 0.057499999999999996 0.02121951219512195 0.042469512195121954
03 0.75 0.1825 0.02498214285714284 0.037482142857142825
11 0.30562500000000004 0.265 0.03373750000000003 0.03248750000000003
