06 0.8275 0.698125 0.05998355263157884 0.008733552631578823
09 0.050625 0.085 0.033741610738255025 0.05749161073825504
20 0.136875 0.074375 0.028706896551724134 0.02120689655172414
20 0.1875 0.494375 0.027494444444444432 0.023744444444444568
03 0.328125 0.16 0.01873809523809522 0.02248809523809525
13 0.360625 0.48375 0.02624297752808985 0.08249297752808987
15 0.225 0.1324987745098039 0.03499509803921569 0.027497549019607853
18 0.455625 0.900625 0.02120689655172414 0.0237068965517242
18 0.64875 0.86375 0.024978448275862153 0.02747844827586221
12 0.59625 0.27249999999999996 0.04488636363636356 0.052386363636363675
20 0.924375 0.20875 0.013735795454545285 0.009985795454545476
04 0.643125 0.7775000000000001 0.02871951219512192 0.024969512195122
