10 0.894375 0.44875 0.023733552631578947 0.014983552631578911
08 0.786875 0.9293750000000001 0.008741610738254968 0.03124161073825482
03 0.6275 0.22625 0.01745689655172422 0.014956896551724136
12 0.625 0.290625 0.029994444444444435 0.03374444444444441
04 0.9575 0.469375 0.027488095238095145 0.018738095238095276
03 0.31625000000000003 0.8887499999999999 0.02249297752808982 0.022492977528089875
20 0.5918749999999999 0.5425 0.011245098039215695 0.009995098039215722
18 0.698125 0.8981250000000001 0.016206896551724137 0.018706896551724195
03 0.329375 0.19125 0.028728448275862017 0.04247844827586206
14 0.30437499999999995 0.56875 0.02613636363636368 0.02488636363636365
10 0.31875 0.659375 0.017485795454545483 0.013735795454545285
05 0.815 0.085625 0.024969512195122 0.01371951219512195
15 0.56375 0.24875 0.02498214285714284 0.027482142857142844
