08 0.59875 0.81375 0.017483552631578858 0.007483552631578849
14 0.643125 0.2425 0.043741610738255 0.014991610738255057
03 0.34187500000000004 0.06937499999999999 0.013706896551724135 0.02870689655172414
15 0.94 0.411875 0.017494444444444368 0.016244444444444506
15 0.8 0.115625 0.044988095238095105 0.033738095238095234
09 0.020624999999999998 0.23812499999999998 0.028742977528089887 0.028742977528089825
07 0.6956262254901961 0.9056249999999999 0.03374754901960786 0.011245098039215695
12 0.053125000000000006 0.80125 0.02370689655172415 0.024956896551724173
03 0.745625 0.151875 0.018728448275862175 0.016228448275862062
03 0.146875 0.685 0.048636363636363644 0.057386363636363735
18 0.681875 0.886875 0.016235795454545343 0.01873579545454529
