02 0.301875 0.027500000000000004 0.036233552631579014 0.03498355263157895
10 0.784375 0.4475 0.028741610738254875 0.01749161073825506
07 0.23562500000000003 0.441875 0.06370689655172415 0.02120689655172414
03 0.60875 0.55 0.02499444444444454 0.01749444444444448
12 0.923125 0.63375 0.023738095238095114 0.027488095238095256
20 0.028125 0.684375 0.01624297752808989 0.01374297752808984
03 0.96625 0.500625 0.014995098039215615 0.028745098039215655
08 0.906875 0.48062499999999997 0.018706896551724084 0.01620689655172408
06 0.47187500000000004 0.374375 0.011228448275862057 0.05622844827586204
20 0.895 0.265625 0.009886363636363749 0.008636363636363664
18 0.27437500000000004 0.504375 0.013735795454545452 0.0162357954545454
