09 0.265625 0.48750000000000004 0.04873355263157897 0.03748355263157893
12 0.385625 0.06625 0.06874161073825502 0.07249161073825505
11 0.06999999999999999 0.603125 0.03995689655172413 0.028706896551724093
08 0.361875 0.460625 0.04874444444444448 0.02124444444444451
12 0.585 0.436875 0.03998809523809521 0.06123809523809526
03 0.6925017556179776 0.61875 0.03249648876404487 0.029992977528089826
03 0.799375 0.765625 0.05374509803921568 0.02624509803921571
18 0.0275 0.55625 0.024956896551724138 0.02745689655172412
14 0.231875 0.44937499999999997 0.03872844827586208 0.0662284482758621
15 0.8062499999999999 0.35562499999999997 0.03488636363636377 0.031136363636363573
06 0.18125000000000002 0.25625 0.024985795454545462 0.029985795454545466
05 0.425 0.255 0.03496951219512201 0.02246951219512197
