18 0.411875 0.7975 0.031233552631578898 0.03248355263157898
03 0.383125 0.30625 0.03624161073825505 0.04499161073825503
15 0.269375 0.25625 0.04120689655172413 0.02745689655172409
20 0.81 0.22375 0.03999444444444433 0.029994444444444435
03 0.25125297619047615 0.291875 0.029994047619047615 0.08623809523809525
08 0.801875 0.67375 0.07124297752808983 0.049992977528089844
12 0.10312500000000001 0.9512499999999999 0.0487450980392157 0.05499509803921565
03 0.339375 0.8975 0.026206896551724146 0.05995689655172409
03 0.5525 0.07561961206896552 0.06747844827586214 0.03373922413793104
14 0.5675 0.794375 0.05988636363636357 0.03863636363636369
