06 0.6575 0.700625 0.014983552631578911 0.078733552631579
04 0.39437500000000003 0.610625 0.033741610738255046 0.02624161073825504
02 0.59875 0.48375 0.02745689655172412 0.03495689655172418
10 0.09 0.275625 0.017494444444444465 0.016244444444444395
11 0.021875 0.05875 0.033738095238095234 0.027488095238095228
09 0.26749999999999996 0.420625 0.05749297752808985 0.04624297752808987
20 0.318125 0.794375 0.028745098039215655 0.02374509803921565
06 0.555625 0.32875 0.0337068965517241 0.08495689655172411
04 0.683125 0.184375 0.028728448275862184 0.02372844827586207
14 0.85375 0.40249999999999997 0.022386363636363704 0.01988636363636359
20 0.06687499999999999 0.299375 0.023735795454545447 0.018735795454545512
