11 0.0475 0.740625 0.03498355263157896 0.0362335526315789
01 0.21375 0.533125 0.024991610738255066 0.02624161073825504
12 0.27187500000000003 0.7637499999999999 0.05370689655172414 0.05245689655172414
06 0.496875 0.7949999999999999 0.03124444444444452 0.014994444444444421
20 0.334375 0.41125 0.013738095238095271 0.0149880952380953
18 0.31875 0.724375 0.024992977528089877 0.028742977528089853
06 0.35875 0.23875 0.06249509803921571 0.08249509803921568
14 0.62875 0.569375 0.07995689655172411 0.05620689655172406
09 0.88125 0.776875 0.03497844827586216 0.0487284482758622
15 0.0175 0.281875 0.024886363636363637 0.05863636363636365
03 0.524375 0.873125 0.01123579545454545 0.03873579545454531
04 0.910625 0.9325 0.04121951219512199 0.039969512195122014
18 0.311875 0.906875 0.023732142857142813 0.026232142857142815
09 0.343125 0.315 0.056237499999999996 0.019987500000000047
