14 0.205625 0.7875000000000001 0.06373355263157898 0.04248355263157888
20 0.134375 0.86875 0.031241610738255043 0.01999161073825495
20 0.729375 0.051250000000000004 0.03120689655172404 0.02995689655172415
06 0.945 0.6168750000000001 0.07499444444444436 0.04124444444444453
14 0.563125 0.4475 0.023738095238095225 0.059988095238095285
13 0.8943749999999999 0.5575 0.053742977528089875 0.08999297752808988
10 0.5125 0.518125 0.027495098039215626 0.018745098039215757
03 0.09312500000000001 0.035625000000000004 0.021206896551724128 0.03120689655172414
15 0.8043750000000001 0.40625 0.0487284482758622 0.05997844827586207
00 0.260625 0.1 0.033636363636363686 0.02988636363636364
04 0.074375 0.57375 0.04123579545454546 0.03248579545454544
08 0.86875 0.17875000000000002 0.05996951219512203 0.02246951219512197
20 0.453125 0.885625 0.03373214285714288 0.02373214285714287
