14 0.2075 0.5925 0.07748355263157897 0.039983552631578934
13 0.75875 0.871875 0.034991610738254963 0.10874161073825495
18 0.836875 0.038125 0.02120689655172414 0.02370689655172414
10 0.059375 0.803125 0.031244444444444436 0.026244444444444293
13 0.161875 0.7893749999999999 0.06873809523809524 0.05373809523809514
08 0.83875 0.495625 0.022492977528089764 0.04124297752808981
20 0.705625 0.436875 0.018745098039215757 0.013745098039215697
08 0.596875 0.8518749999999999 0.06120689655172418 0.01370689655172408
10 0.431875 0.085625 0.031228448275862075 0.03122844827586206
03 0.9450000000000001 0.27375 0.032386363636363824 0.02738636363636371
