15 0.106875 0.463125 0.01623355263157894 0.031233552631578898
10 0.96875 0.22499999999999998 0.0374916107382548 0.03749161073825505
07 0.480625 0.56875 0.06370689655172412 0.07745689655172416
06 0.460625 0.67125 0.03874444444444447 0.01499444444444431
10 0.511875 0.263125 0.03123809523809523 0.021238095238095278
03 0.5506249999999999 0.11250000000000002 0.01374297752808984 0.029992977528089895
11 0.5175000000000001 0.23125 0.03499509803921563 0.029995098039215712
04 0.153125 0.136875 0.033706896551724125 0.028706896551724134
17 0.20124999999999998 0.9512499999999999 0.029978448275862074 0.04747844827586223
10 0.6012500000000001 0.723125 0.029886363636363655 0.026136363636363735
10 0.11625 0.128125 0.03748579545454547 0.02623579545454545
