03 0.86125 0.610625 0.047483552631578885 0.06373355263157887
03 0.8787499999999999 0.576875 0.014991610738254946 0.038741610738254995
03 0.088125 0.53625 0.023706896551724144 0.06745689655172415
14 0.385 0.630625 0.06749444444444452 0.026244444444444404
03 0.961875 0.195625 0.021238095238095167 0.03123809523809526
15 0.935 0.045625 0.01749297752808976 0.021242977528089887
03 0.101875 0.148125 0.05374509803921568 0.0612450980392157
18 0.22062500000000002 0.049375 0.026206896551724118 0.028706896551724148
08 0.2825 0.5943750000000001 0.04747844827586206 0.02372844827586207
15 0.8887499999999999 0.470625 0.02738636363636371 0.03863636363636358
20 0.345625 0.183125 0.031235795454545467 0.031235795454545467
