03 0.38312500000000005 0.2625 0.04373355263157891 0.04248355263157899
03 0.2225 0.568125 0.012491610738255055 0.028741610738254986
13 0.5249999999999999 0.755625 0.022456896551724115 0.07370689655172413
06 0.8631263888888889 0.304375 0.031247222222222204 0.07624444444444445
08 0.43875 0.39749999999999996 0.017488095238095303 0.06248809523809523
18 0.8825000000000001 0.08687500000000001 0.022492977528089875 0.026242977528089892
03 0.7675 0.75125 0.05749509803921571 0.03999509803921564
08 0.09875 0.6625000000000001 0.039956896551724144 0.022456896551724115
20 0.610625 0.285625 0.02372844827586207 0.021228448275862066
14 0.9299999999999999 0.2925 0.032386363636363824 0.039886363636363664
09 0.67875 0.07375000000000001 0.04248579545454534 0.03748579545454546
07 0.22 0.6643749999999999 0.04996951219512197 0.018719512195121912
07 0.19250446428571427 0.396875 0.027491071428571406 0.04123214285714283
02 0.530625 0.06812499999999999 0.023737499999999967 0.011237499999999997
