20 0.175 0.250625 0.03748355263157896 0.04123355263157899
01 0.155625 0.9099999999999999 0.04874161073825503 0.03999161073825486
03 0.34562499999999996 0.46499999999999997 0.06120689655172412 0.027456896551724175
03 0.254375 0.868125 0.021244444444444427 0.031244444444444297
19 0.008125 0.460625 0.013738095238095237 0.021238095238095278
08 0.8 0.1925 0.014992977528089813 0.03499297752808986
20 0.374375 0.14875 0.02874509803921571 0.02499509803921568
08 0.385 0.68875 0.07995689655172411 0.024956896551724173
11 0.19437500000000002 0.841875 0.04372844827586206 0.02372844827586218
02 0.08 0.11750000000000002 0.04238636363636364 0.13238636363636366
