07 0.061875 0.7068749999999999 0.01623355263157896 0.033733552631578845
06 0.2862520973154362 0.06 0.032495805369127495 0.014991610738255029
03 0.2425 0.744375 0.01995689655172414 0.026206896551724146
04 0.281875 0.32125000000000004 0.028744444444444406 0.022494444444444428
04 0.45125 0.365625 0.02248809523809525 0.021238095238095278
12 0.08625 0.58375 0.027492977528089893 0.029992977528089826
04 0.299375 0.754375 0.02374509803921565 0.021245098039215704
01 0.071875 0.536875 0.01620689655172415 0.016206896551724137
14 0.538125 0.86625 0.036228448275862024 0.01997844827586215
07 0.333125 0.151875 0.008636363636363553 0.028636363636363626
18 0.620625 0.384375 0.018735795454545512 0.02123579545454546
