05 0.899375 0.7281249999999999 0.013733552631578938 0.018733552631578942
14 0.9393750000000001 0.761875 0.026241610738254928 0.021241610738254924
02 0.431875 0.345625 0.03120689655172415 0.06370689655172412
10 0.46125 0.012499999999999999 0.019994444444444537 0.019994444444444443
03 0.11499999999999999 0.16562500000000002 0.02498809523809524 0.03373809523809526
15 0.325625 0.36812500000000004 0.01374297752808984 0.011242977528089837
13 0.4825 0.24937499999999999 0.052495098039215704 0.05624509803921568
15 0.27437500000000004 0.683125 0.04370689655172416 0.0237068965517242
16 0.46562499999999996 0.35 0.031228448275862075 0.019978448275862093
20 0.268125 0.40875 0.02113636363636362 0.019886363636363646
06 0.7718750000000001 0.825 0.031235795454545356 0.07498579545454531
04 0.38312500000000005 0.11875 0.023719512195121972 0.01746951219512194
00 0.870625 0.50125 0.03123214285714282 0.02748214285714279
11 0.13874999999999998 0.1775 0.024987500000000024 0.029987500000000028
