03 0.536875 0.415625 0.023733552631578947 0.021233552631578945
00 0.39749999999999996 0.184375 0.02499161073825501 0.016241610738255058
14 0.484375 0.95 0.008706896551724075 0.039956896551724186
10 0.078125 0.75 0.013744444444444448 0.009994444444444417
06 0.7875000000000001 0.104375 0.02248809523809514 0.018738095238095234
14 0.935 0.5825 0.032492977528089884 0.012492977528089866
07 0.18062499999999998 0.653125 0.043745098039215696 0.031245098039215713
03 0.6212500000000001 0.64375 0.00995689655172416 0.019956896551724168
05 0.4925 0.5393749999999999 0.022478448275862095 0.02372844827586207
03 0.11375 0.469375 0.009886363636363638 0.013636363636363613
20 0.54125 0.656875 0.027485795454545547 0.01873579545454529
