11 0.843125 0.7793749999999999 0.02873355263157884 0.02123355263157889
10 0.43125 0.30000000000000004 0.02499161073825501 0.01749161073825506
10 0.52125 0.859375 0.024956896551724173 0.02120689655172403
15 0.424375 0.119375 0.033744444444444466 0.04874444444444445
03 0.9056249999999999 0.6475 0.03373809523809512 0.027488095238095145
03 0.3125 0.37812500000000004 0.02499297752808982 0.021242977528089846
06 0.811875 0.850625 0.038745098039215664 0.05374509803921568
03 0.4 0.5862499999999999 0.02745689655172412 0.01745689655172422
07 0.8831249999999999 0.1025 0.04122844827586214 0.06997844827586205
18 0.8400000000000001 0.7675 0.0173863636363637 0.019886363636363757
03 0.550625 0.264375 0.018735795454545512 0.038735795454545474
