20 0.7424999999999999 0.815625 0.03748355263157899 0.026233552631578894
14 0.504375 0.636875 0.04874161073825506 0.0537416107382549
11 0.383125 0.4625 0.053706896551724115 0.054956896551724144
20 0.5918749999999999 0.15749999999999997 0.03124444444444452 0.02749444444444446
15 0.415625 0.060000000000000005 0.03123809523809523 0.052488095238095236
18 0.76625 0.236875 0.03249297752808977 0.03624297752808983
20 0.101875 0.715625 0.04124509803921568 0.038745098039215775
06 0.14311422413793104 0.51 0.08622844827586207 0.1174568965517242
17 0.423125 0.09125 0.0612284482758621 0.06747844827586208
15 0.190625 0.109375 0.01613636363636367 0.03613636363636363
20 0.8474999999999999 0.509375 0.044985795454545285 0.041235795454545476
03 0.49375 0.42562500000000003 0.034969512195121955 0.056219512195121946
14 0.295625 0.72 0.08623214285714281 0.0999821428571428
03 0.41937500000000005 0.540625 0.07123750000000001 0.12373750000000006
