08 0.5062500000000001 0.24812499999999998 0.019983552631578916 0.036233552631578986
18 0.140625 0.11499999999999999 0.018741610738255032 0.019991610738255047
03 0.43875 0.475625 0.02995689655172412 0.016206896551724137
19 0.365625 0.871875 0.031244444444444464 0.016244444444444395
20 0.313125 0.71375 0.016238095238095274 0.01498809523809519
20 0.15000000000000002 0.0625 0.014992977528089896 0.012492977528089894
03 0.35875 0.07250000000000001 0.019995098039215675 0.02249509803921569
13 0.375614224137931 0.2575 0.038728448275862026 0.07745689655172416
06 0.26749999999999996 0.95 0.009978448275862084 0.022478448275862206
20 0.28875 0.019999999999999997 0.022386363636363704 0.019886363636363636
14 0.7225 0.24 0.03998579545454528 0.027485795454545436
08 0.944375 0.67375 0.03871951219512193 0.019969512195121997
