10 0.96375 0.9593750000000001 0.017483552631578858 0.018733552631578942
13 0.35375 0.9075 0.05499161073825504 0.022491610738254897
20 0.49124999999999996 0.31375 0.014956896551724108 0.012456896551724161
20 0.483125 0.7925 0.018744444444444508 0.01499444444444431
02 0.21000000000000002 0.88625 0.02498809523809528 0.019988095238095083
14 0.6799999999999999 0.7262500000000001 0.047492977528089786 0.022492977528089875
12 0.5706249999999999 0.3725 0.021245098039215704 0.024995098039215735
10 0.193125 0.40937500000000004 0.016206896551724137 0.013706896551724135
18 0.36624999999999996 0.8225 0.014978448275862088 0.0174784482758622
04 0.26625 0.181875 0.02238636363636365 0.018636363636363673
06 0.585 0.245 0.007485795454545419 0.05748579545454546
