02 0.6031249999999999 0.47062499999999996 0.04123355263157891 0.05873355263157892
04 0.648125 0.15000000000000002 0.028741610738254986 0.02749161073825504
08 0.60875 0.90875 0.04495689655172419 0.019956896551724168
10 0.62125 0.665 0.027494444444444488 0.022494444444444373
03 0.46499999999999997 0.6243749999999999 0.032488095238095316 0.0612380952380952
04 0.265 0.115625 0.019992977528089872 0.01374297752808988
18 0.5393749999999999 0.941875 0.018745098039215757 0.021245098039215704
09 0.176875 0.370625 0.03870689655172413 0.03870689655172416
03 0.298125 0.26937500000000003 0.02622844827586207 0.07122844827586208
06 0.836875 0.15187499999999998 0.07863636363636373 0.013636363636363641
07 0.6737500000000001 0.5587500000000001 0.024985795454545268 0.08748579545454549
00 0.9375 0.595 0.029969512195122006 0.029969512195122006
04 0.125 0.788125 0.02248214285714288 0.018732142857142864
18 0.38125 0.645 0.01998749999999999 0.022487499999999994
