03 0.575 0.111875 0.027483552631578978 0.04373355263157892
03 0.265625 0.9437500000000001 0.02624161073825504 0.03749161073825491
13 0.663135775862069 0.10375 0.04872844827586209 0.07745689655172414
06 0.8243750000000001 0.585 0.0937444444444443 0.029994444444444546
18 0.1675 0.063125 0.01998809523809525 0.023738095238095232
12 0.233125 0.7975000000000001 0.07374297752808984 0.07499297752808987
19 0.43562500000000004 0.93875 0.02874509803921571 0.034995098039215744
03 0.43125 0.431875 0.034956896551724126 0.07870689655172414
06 0.44874461206896554 0.68875 0.062489224137931065 0.08747844827586215
03 0.71 0.705625 0.03238636363636371 0.026136363636363735
