06 0.30749588815789475 0.4075 0.08499177631578941 0.062483552631578954
04 0.940625 0.19125 0.03624161073825494 0.024991610738255066
13 0.7887500000000001 0.28312499999999996 0.10245689655172419 0.05620689655172412
06 0.038125 0.495625 0.031244444444444446 0.011244444444444557
14 0.3 0.10125 0.0774880952380953 0.04498809523809523
12 0.16875 0.221875 0.04499297752808987 0.04624297752808984
09 0.744375 0.163125 0.03374509803921577 0.018745098039215702
02 0.770625 0.806875 0.05620689655172417 0.04370689655172422
01 0.553125 0.7225 0.061228448275862046 0.04497844827586217
06 0.8425 0.7618750000000001 0.05238636363636373 0.09863636363636374
05 0.663125 0.050625 0.023735795454545294 0.04373579545454546
10 0.815 0.75 0.03746951219512196 0.04246951219512196
17 0.944375 0.790625 0.04123214285714283 0.043732142857142886
18 0.588125 0.7925 0.026237500000000025 0.029987500000000056
