06 0.6375 0.17812499999999998 0.014983552631578911 0.013733552631578966
11 0.035625 0.320625 0.01874161073825503 0.021241610738255035
07 0.08687500000000001 0.935 0.011206896551724119 0.02745689655172423
20 0.97 0.09625 0.01499444444444431 0.017494444444444465
03 0.390625 0.47875 0.016238095238095274 0.027488095238095256
17 0.9299999999999999 0.59 0.027492977528089768 0.02749297752808988
03 0.4431262254901961 0.671875 0.011247549019607839 0.02624509803921571
10 0.23625000000000002 0.574375 0.01995689655172414 0.018706896551724084
13 0.5025000000000001 0.465625 0.062478448275862075 0.043728448275862086
02 0.806875 0.688125 0.036136363636363744 0.0386363636363638
10 0.6968749999999999 0.07187500000000001 0.021235795454545348 0.018735795454545456
04 0.670625 0.835 0.013719512195122019 0.022469512195121943
