03 0.209375 0.6156250000000001 0.05123355263157897 0.031233552631578898
14 0.438125 0.8625 0.03874161073825505 0.024991610738254955
14 0.291875 0.185 0.06870689655172413 0.05245689655172414
13 0.595 0.6356249999999999 0.07249444444444453 0.1512444444444444
13 0.9199999999999999 0.07562202380952382 0.06748809523809507 0.07374404761904763
20 0.1475 0.826875 0.032492977528089884 0.0312429775280898
06 0.28125 0.5 0.05499509803921565 0.14499509803921568
01 0.468125 0.45687500000000003 0.028706896551724148 0.023706896551724144
12 0.88375 0.28875 0.05497844827586218 0.07997844827586209
20 0.710625 0.036250000000000004 0.03113636363636374 0.03238636363636364
03 0.40125 0.21187499999999998 0.07498579545454542 0.07123579545454548
04 0.96375 0.076875 0.04746951219512208 0.02871951219512195
