00 0.6975 0.7275 0.02498355263157892 0.027483552631578867
08 0.926875 0.243125 0.046241610738254835 0.033741610738255046
13 0.70625 0.35624999999999996 0.06245689655172415 0.07745689655172411
03 0.276875 0.25875000000000004 0.031244444444444408 0.04749444444444445
06 0.3875 0.39875 0.03248809523809526 0.0724880952380953
09 0.18875 0.6912499999999999 0.03249297752808983 0.022492977528089875
10 0.16125 0.340625 0.02499509803921568 0.02624509803921571
11 0.15875 0.641875 0.024956896551724117 0.026206896551724146
10 0.67 0.911875 0.032478448275862215 0.03372844827586219
08 0.45499999999999996 0.744375 0.0298863636363636 0.011136363636363722
