07 0.7156208881578947 0.4325 0.018741776315789438 0.027483552631578867
03 0.70875 0.08 0.014991610738254835 0.03499161073825505
03 0.9493750000000001 0.9125 0.01370689655172408 0.01745689655172411
03 0.27375 0.9681249999999999 0.02499444444444443 0.02874444444444435
03 0.170625 0.9125 0.021238095238095278 0.027488095238095145
12 0.969375 0.09375 0.03874297752808986 0.02999297752808988
08 0.6425 0.9525 0.027495098039215682 0.017495098039215673
04 0.725625 0.745 0.02120689655172414 0.019956896551724057
03 0.06875 0.278125 0.019978448275862072 0.018728448275862064
02 0.2125 0.8674999999999999 0.027386363636363653 0.02738636363636371
18 0.5093749999999999 0.72 0.013735795454545507 0.017485795454545316
