01 0.889375 0.4225 0.018733552631578942 0.017483552631578914
14 0.71875 0.037500000000000006 0.04749161073825481 0.03999161073825504
05 0.22312500000000002 0.6699999999999999 0.02870689655172412 0.022456896551724115
09 0.59625 0.364375 0.0424944444444445 0.0787444444444445
13 0.49125 0.44 0.054988095238095336 0.06498809523809523
02 0.48125175561797756 0.725625 0.04499648876404494 0.018742977528089844
13 0.5237499999999999 0.211875 0.052495098039215704 0.09624509803921572
06 0.631239224137931 0.46062499999999995 0.039978448275862055 0.05620689655172412
06 0.4743696120689655 0.8143750000000001 0.05123922413793103 0.06622844827586227
10 0.11 0.5718749999999999 0.03238636363636363 0.02113636363636362
18 0.266875 0.03937499999999999 0.021235795454545514 0.023735795454545454
20 0.251875 0.30374999999999996 0.026219512195122002 0.022469512195122
03 0.8931294642857143 0.061875 0.016241071428571452 0.021232142857142845
07 0.1775 0.236875 0.1099875 0.02123750000000002
