12 0.7975041118421052 0.446875 0.02249177631578947 0.04623355263157891
20 0.053125000000000006 0.41125 0.011241610738255033 0.012491610738255055
09 0.90125 0.913125 0.024956896551724173 0.028706896551724093
14 0.90875 0.835625 0.019994444444444315 0.023744444444444346
10 0.38 0.094375 0.009988095238095296 0.00873809523809524
20 0.230625 0.700625 0.01624297752808984 0.01374297752808984
03 0.5293762254901961 0.691875 0.013747549019607841 0.018745098039215646
20 0.37124999999999997 0.614375 0.017456896551724166 0.01370689655172419
06 0.33499999999999996 0.165625 0.024978448275862097 0.06872844827586205
00 0.46375 0.920625 0.01988636363636359 0.016136363636363726
03 0.79375 0.801875 0.007485795454545308 0.011235795454545228
14 0.9325 0.6956249999999999 0.014969512195121881 0.02871951219512192
19 0.7987500000000001 0.688125 0.01748214285714289 0.018732142857142753
03 0.37375 0.9393750000000001 0.02248750000000005 0.018737499999999963
