07 0.524375 0.9456249999999999 0.026233552631578894 0.023733552631578836
13 0.686875 0.3725 0.04374161073825489 0.042491610738255026
11 0.6825 0.08437499999999999 0.022456896551724226 0.02120689655172414
13 0.9393750000000001 0.5925 0.021244444444444288 0.029994444444444546
18 0.426875 0.42374999999999996 0.013738095238095271 0.014988095238095245
03 0.3325 0.215 0.009992977528089864 0.04249297752808984
03 0.09 0.18937500000000002 0.01999509803921569 0.03624509803921569
01 0.8843749999999999 0.934375 0.02120689655172414 0.01370689655172408
14 0.86625 0.944375 0.02747844827586221 0.01372844827586217
03 0.428125 0.6368750000000001 0.011136363636363555 0.016136363636363726
20 0.83375 0.26375 0.017485795454545316 0.019985795454545485
02 0.12 0.51125 0.01996951219512194 0.01746951219512205
03 0.29125 0.5449999999999999 0.014982142857142833 0.0274821428571429
