20 0.9356249999999999 0.28 0.018733552631578942 0.014983552631578967
03 0.12312500000000001 0.4375 0.02374161073825505 0.02999161073825507
11 0.49625 0.28875 0.029956896551724177 0.02745689655172412
05 0.7250000000000001 0.12 0.03999444444444433 0.029994444444444476
03 0.798125 0.60625 0.021238095238095167 0.02248809523809525
07 0.295625 0.843125 0.0187429775280899 0.07374297752808978
06 0.359375 0.20124999999999998 0.07124509803921564 0.06749509803921569
12 0.5549999999999999 0.8668750000000001 0.04245689655172413 0.04620689655172405
10 0.614375 0.59625 0.03122844827586202 0.02747844827586199
20 0.12 0.51125 0.022386363636363635 0.01738636363636359
