03 0.124375 0.53125 0.03873355263157893 0.027483552631578867
15 0.24687709731543622 0.69125 0.07874580536912754 0.032491610738254906
20 0.44437499999999996 0.5956250000000001 0.03870689655172416 0.028706896551724204
05 0.750625 0.398125 0.023744444444444346 0.04874444444444448
01 0.89 0.053125 0.03498809523809521 0.021238095238095236
03 0.5856250000000001 0.65375 0.05874297752808977 0.049992977528089955
03 0.8587499999999999 0.0325 0.042495098039215695 0.019995098039215686
11 0.0775 0.8087500000000001 0.05245689655172414 0.039956896551724186
06 0.4974946120689655 0.349375 0.06748922413793101 0.10372844827586203
14 0.7418750000000001 0.7093750000000001 0.0486363636363637 0.06613636363636377
