06 0.068125 0.5431208881578947 0.11623355263157895 0.031241776315789505
04 0.6499999999999999 0.8574999999999999 0.03999161073825508 0.03999161073825486
03 0.340614224137931 0.966875 0.07622844827586206 0.04870689655172411
01 0.93625 0.640625 0.027494444444444377 0.018744444444444452
06 0.13375297619047619 0.58375 0.03749404761904761 0.11498809523809539
20 0.09375 0.3175 0.034992977528089886 0.039992977528089835
01 0.6268750000000001 0.380625 0.05374509803921568 0.031245098039215713
14 0.07938577586206896 0.38687499999999997 0.07372844827586209 0.0362068965517241
03 0.479375 0.873125 0.11622844827586204 0.0437284482758622
03 0.240625 0.698125 0.0461363636363637 0.043636363636363695
