06 0.171875 0.16312500000000002 0.013733552631578994 0.026233552631578977
11 0.5075000000000001 0.78 0.02999161073825507 0.032491610738254906
06 0.09437499999999999 0.5706249999999999 0.07120689655172413 0.04870689655172422
03 0.505 0.545625 0.02249444444444454 0.02874444444444446
14 0.5606249999999999 0.7093750000000001 0.026238095238095283 0.04373809523809513
01 0.5825 0.983125 0.029992977528089826 0.023742977528089848
05 0.965625 0.5925 0.028745098039215766 0.024995098039215735
04 0.938125 0.28874999999999995 0.028706896551724093 0.02995689655172412
07 0.21125 0.085625 0.03747844827586205 0.03122844827586206
04 0.5856250000000001 0.7068749999999999 0.033636363636363575 0.02363636363636379
