07 0.48437088815789475 0.2725 0.03374177631578945 0.022483552631578974
03 0.6675 0.28500000000000003 0.017491610738254892 0.03249161073825507
02 0.936875 0.231875 0.04870689655172411 0.02120689655172414
20 0.5856250000000001 0.36812500000000004 0.026244444444444404 0.023744444444444512
20 0.156875 0.948125 0.011238095238095241 0.0087380952380951
12 0.49 0.70875 0.029992977528089826 0.03499297752808994
03 0.5875 0.12125 0.02999509803921563 0.029995098039215684
14 0.95875 0.11375 0.05245689655172414 0.024956896551724145
14 0.4 0.97875 0.029978448275862102 0.02997844827586227
06 0.875625 0.193125 0.04113636363636375 0.09363636363636366
15 0.76375 0.478125 0.037485795454545334 0.03373579545454547
20 0.49812500000000004 0.291875 0.021219512195122026 0.018719512195122023
