20 0.03875000000000001 0.44125000000000003 0.024983552631578955 0.017483552631578914
03 0.41812499999999997 0.343125 0.051241610738255006 0.013741610738255028
04 0.48812500000000003 0.41875 0.031206896551724095 0.032456896551724124
20 0.850625 0.760625 0.033744444444444355 0.023744444444444346
13 0.5575 0.30437499999999995 0.10748809523809522 0.08123809523809528
06 0.31999999999999995 0.888125 0.004992977528089859 0.08624297752808985
10 0.39 0.149375 0.02499509803921568 0.018745098039215702
01 0.549375 0.1 0.023706896551724088 0.02245689655172413
04 0.34125 0.80375 0.032478448275862104 0.029978448275862157
18 0.956875 0.454375 0.02113636363636373 0.023636363636363622
06 0.439375 0.09375 0.03623579545454547 0.10248579545454545
