01 0.62625 0.43374999999999997 0.06498355263157896 0.03998355263157888
14 0.296875 0.723125 0.10124161073825502 0.04874161073825489
01 0.428125 0.715625 0.06370689655172412 0.04620689655172405
03 0.8756250000000001 0.22625 0.05874444444444438 0.05999444444444446
10 0.385625 0.376875 0.11623809523809525 0.06873809523809526
06 0.125625 0.134375 0.07374297752808988 0.05624297752808988
12 0.888125 0.635625 0.1562450980392157 0.1462450980392156
00 0.8875 0.438125 0.09245689655172418 0.09120689655172415
07 0.6925 0.566875 0.10747844827586217 0.15122844827586213
08 0.478125 0.66875 0.07113636363636361 0.04988636363636367
04 0.09625 0.92125 0.09498579545454544 0.09248579545454527
03 0.721875 0.62 0.10871951219512199 0.1599695121951219
08 0.268125 0.854375 0.04123214285714283 0.05623214285714284
