12 0.96875 0.501875 0.03248355263157898 0.02373355263157889
06 0.288125 0.7893749999999999 0.021241610738255035 0.046241610738254946
01 0.434375 0.3875 0.011206896551724133 0.012456896551724106
03 0.8456250000000001 0.33999999999999997 0.016244444444444395 0.0399944444444445
05 0.780625 0.05625 0.021238095238095056 0.022488095238095238
13 0.59875 0.20875 0.05249297752808979 0.06499297752808986
10 0.771875 0.320625 0.013745098039215753 0.011245098039215695
03 0.528125 0.52 0.03120689655172415 0.03495689655172418
04 0.8206249999999999 0.879375 0.018728448275862175 0.01372844827586217
20 0.355 0.9125000000000001 0.01738636363636359 0.014886363636363753
03 0.41812144886363634 0.114375 0.02124289772727278 0.041235795454545476
