10 0.961875 0.027499999999999997 0.031233552631578898 0.027483552631578943
13 0.754375 0.358125 0.13624161073825491 0.09124161073825504
08 0.19 0.6781250000000001 0.02995689655172412 0.05120689655172417
03 0.275625 0.7618750000000001 0.08874444444444443 0.03874444444444436
06 0.4475029761904762 0.25687499999999996 0.062494047619047643 0.08123809523809528
06 0.05375 0.05125 0.019992977528089886 0.049992977528089885
11 0.809375 0.20125 0.04374509803921567 0.03499509803921569
06 0.5675 0.17875 0.03745689655172413 0.03995689655172413
15 0.229375 0.73125 0.05872844827586207 0.039978448275862166
12 0.50625 0.85375 0.04488636363636361 0.047386363636363726
12 0.77125 0.354375 0.08998579545454533 0.06873579545454545
04 0.24125000000000002 0.136875 0.04746951219512199 0.043719512195121935
03 0.511875 0.3425 0.02373214285714287 0.044982142857142804
07 0.9125 0.20625 0.09248750000000006 0.04998749999999999
