04 0.46062499999999995 0.781875 0.02373355263157889 0.026233552631578894
05 0.401875 0.38125 0.033741610738255046 0.019991610738255006
20 0.5643750000000001 0.49375 0.011206896551724133 0.014956896551724164
03 0.423125 0.330625 0.023744444444444512 0.043744444444444475
12 0.9450000000000001 0.6825 0.029988095238095203 0.02998809523809509
03 0.798125 0.9143749999999999 0.008742977528089835 0.0212429775280899
15 0.6125 0.415 0.022495098039215677 0.022495098039215677
01 0.23125 0.31562500000000004 0.014956896551724136 0.013706896551724135
14 0.5025 0.365 0.032478448275862104 0.039978448275862055
01 0.8787499999999999 0.365625 0.014886363636363753 0.011136363636363555
14 0.41000000000000003 0.983125 0.0374857954545455 0.021235795454545348
13 0.948125 0.165 0.03871951219512204 0.057469512195121975
13 0.675625 0.11937500000000001 0.026232142857142815 0.026232142857142884
20 0.473125 0.366875 0.02123750000000002 0.016237500000000016
