03 0.69625 0.65625 0.039983552631578934 0.022483552631578974
03 0.928125 0.9125 0.02374161073825487 0.052491610738254924
05 0.08124999999999999 0.9412499999999999 0.02245689655172413 0.039956896551724186
10 0.7925 0.18937500000000002 0.029994444444444324 0.031244444444444436
08 0.7243779761904763 0.46187500000000004 0.02624404761904764 0.03123809523809523
06 0.24875 0.48250000000000004 0.06749297752808986 0.062492977528089855
15 0.625 0.04125000000000001 0.027495098039215682 0.03999509803921569
19 0.315625 0.615 0.016206896551724137 0.04245689655172413
20 0.528125 0.139375 0.021228448275862122 0.018728448275862064
03 0.7825 0.744375 0.04238636363636372 0.026136363636363735
20 0.23875 0.423125 0.024985795454545434 0.021235795454545514
01 0.28812499999999996 0.759375 0.023719512195121972 0.023719512195121917
