10 0.058124999999999996 0.7268749999999999 0.013733552631578959 0.016233552631578996
20 0.3775 0.379375 0.01999161073825506 0.01624161073825503
20 0.715 0.6112500000000001 0.014956896551724164 0.00995689655172416
04 0.224375 0.8668750000000001 0.02374444444444443 0.01874444444444434
01 0.4575 0.105625 0.012488095238095298 0.011238095238095228
03 0.250625 0.255 0.023742977528089848 0.029992977528089854
10 0.243125 0.83125 0.018745098039215702 0.017495098039215673
00 0.976875 0.10375000000000001 0.016206896551724137 0.014956896551724122
03 0.85625 0.63625 0.022478448275862206 0.0174784482758622
07 0.7775000000000001 0.415625 0.05488636363636379 0.03363636363636363
04 0.41812499999999997 0.43125 0.01623579545454551 0.014985795454545425
03 0.0925 0.33499999999999996 0.01996951219512194 0.007469512195121986
03 0.8318749999999999 0.70625 0.053732142857142784 0.022482142857142784
20 0.7206250000000001 0.6025 0.018737499999999963 0.019987500000000047
