04 0.47750000000000004 0.454375 0.017483552631578914 0.018733552631578887
15 0.60875 0.06 0.014991610738255057 0.01749161073825503
07 0.6943642241379311 0.67375 0.02372844827586207 0.01745689655172411
16 0.98 0.809375 0.022494444444444373 0.03624444444444441
03 0.453125 0.658125 0.01873809523809522 0.03873809523809513
17 0.96 0.67625 0.019992977528089817 0.029992977528089826
04 0.905625 0.75875 0.023745098039215762 0.022495098039215677
01 0.104375 0.24562499999999998 0.021206896551724128 0.021206896551724114
10 0.7687446120689656 0.844375 0.009989224137931019 0.02372844827586218
10 0.22062500000000002 0.621875 0.018636363636363645 0.02113636363636362
