05 0.32375 0.046875 0.06498355263157896 0.051233552631578944
11 0.43125 0.6174999999999999 0.05749161073825504 0.03749161073825513
03 0.624375 0.634375 0.07870689655172414 0.09120689655172409
04 0.208125 0.53375 0.048744444444444424 0.05249444444444451
02 0.45875 0.13875 0.04498809523809527 0.05998809523809524
06 0.84625 0.535 0.03499297752808983 0.1724929775280899
03 0.856875 0.675 0.0887450980392156 0.05749509803921571
05 0.659375 0.575625 0.05120689655172417 0.06120689655172418
09 0.74875 0.589375 0.05747844827586224 0.14872844827586207
04 0.33499999999999996 0.289375 0.057386363636363624 0.051136363636363646
