15 0.38187499999999996 0.51875 0.013733552631578883 0.014983552631578911
03 0.921875 0.2 0.013741610738254861 0.032491610738255045
11 0.890625 0.075625 0.02120689655172403 0.02120689655172414
08 0.56875 0.029375 0.029994444444444435 0.011244444444444442
03 0.304375 0.140625 0.02873809523809523 0.01873809523809522
02 0.5293749999999999 0.7306250000000001 0.026242977528089795 0.01374297752808984
18 0.20124999999999998 0.56375 0.012495098039215696 0.014995098039215726
03 0.7275 0.86 0.022456896551724115 0.039956896551724075
18 0.94375 0.59375 0.012478448275862197 0.014978448275862144
03 0.30937499999999996 0.84875 0.06363636363636366 0.029886363636363766
03 0.9225 0.38187499999999996 0.017485795454545316 0.011235795454545505
14 0.44875 0.093125 0.017469512195121994 0.02871951219512195
13 0.080625 0.498125 0.10373214285714287 0.061232142857142846
13 0.35062499999999996 0.5125 0.023737500000000022 0.052487499999999965
