04 0.1075 0.944375 0.024983552631578948 0.023733552631578836
04 0.768125 0.7675000000000001 0.02374161073825498 0.01999161073825484
09 0.176875 0.34187500000000004 0.043706896551724134 0.0362068965517241
01 0.6275 0.055625 0.019994444444444537 0.013744444444444448
06 0.768125 0.37 0.023738095238095114 0.017488095238095247
11 0.374375 0.615 0.028742977528089853 0.019992977528089817
11 0.760625 0.7975000000000001 0.028745098039215655 0.022495098039215677
14 0.21875 0.438125 0.012456896551724106 0.02120689655172414
07 0.10625 0.6581250000000001 0.009978448275862056 0.028728448275862184
18 0.6125 0.23375 0.014886363636363531 0.017386363636363672
15 0.53375 0.690625 0.02498579545454549 0.0187357954545454
09 0.94875 0.7281249999999999 0.022469512195121943 0.026219512195121975
14 0.31375 0.6525 0.02248214285714284 0.02498214285714284
03 0.15000000000000002 0.87375 0.01998750000000002 0.022487499999999994
