14 0.06812499999999999 0.28437500000000004 0.028733552631578944 0.04123355263157896
08 0.541875 0.5306249999999999 0.038741610738254995 0.04124161073825505
08 0.744375 0.5237499999999999 0.03120689655172404 0.01745689655172422
02 0.854375 0.700625 0.0212444444444444 0.041244444444444306
11 0.6325 0.81 0.03498809523809521 0.024988095238095087
03 0.24125000000000002 0.811875 0.03499297752808986 0.046242977528089924
03 0.538125 0.88 0.02624509803921571 0.02999509803921563
03 0.8162499999999999 0.4625 0.022456896551724115 0.019956896551724113
18 0.856875 0.058124999999999996 0.02372844827586229 0.026228448275862064
06 0.96875 0.683125 0.022386363636363704 0.08113636363636378
17 0.205625 0.32625000000000004 0.03623579545454547 0.03998579545454545
06 0.12812500000000002 0.826875 0.08121951219512197 0.016219512195121966
