06 0.344375 0.08812500000000001 0.013733552631578883 0.06623355263157896
13 0.319375 0.34687500000000004 0.021241610738255035 0.033741610738255046
13 0.619375 0.04125 0.04120689655172405 0.03245689655172414
07 0.6281249999999999 0.7975000000000001 0.031244444444444408 0.017494444444444368
03 0.24 0.379375 0.009988095238095268 0.0437380952380953
06 0.7012499999999999 0.34687500000000004 0.009992977528089919 0.01624297752808984
02 0.65625 0.36312500000000003 0.014995098039215726 0.016245098039215644
06 0.6499999999999999 0.885625 0.05245689655172414 0.046206896551724164
04 0.79 0.983125 0.0174784482758622 0.018728448275862175
03 0.95375 0.245 0.019886363636363757 0.019886363636363646
