06 0.298125 0.5106208881578947 0.04873355263157897 0.04124177631578951
03 0.884375 0.22625 0.07374161073825491 0.02749161073825504
10 0.76125 0.459375 0.057456896551724146 0.0362068965517241
04 0.225625 0.36624999999999996 0.038744444444444415 0.024994444444444486
07 0.88 0.42999999999999994 0.027488095238095145 0.14498809523809525
06 0.15875 0.661875 0.01749297752808987 0.05624297752808993
03 0.51 0.44125000000000003 0.07249509803921567 0.047495098039215644
08 0.870625 0.49687499999999996 0.043706896551724106 0.058706896551724064
14 0.854375 0.395 0.05122844827586226 0.06497844827586208
01 0.57125 0.77 0.04238636363636361 0.02738636363636371
15 0.588125 0.429375 0.08873579545454546 0.058735795454545436
