02 0.16375 0.834375 0.032483552631578955 0.04873355263157886
06 0.365 0.93125 0.02999161073825507 0.032491610738254906
00 0.46062499999999995 0.330625 0.013706896551724135 0.016206896551724137
20 0.71625 0.8025 0.012494444444444253 0.012494444444444364
14 0.135 0.5975 0.034988095238095235 0.019988095238095305
02 0.8725 0.935625 0.014992977528089813 0.018742977528089844
11 0.733125 0.053125 0.02374509803921565 0.026245098039215695
10 0.09812499999999999 0.584375 0.013706896551724121 0.01370689655172419
04 0.180625 0.619375 0.021228448275862066 0.018728448275862064
20 0.934375 0.38625 0.02113636363636373 0.01738636363636359
15 0.669375 0.4925 0.013735795454545285 0.02498579545454549
03 0.028124999999999997 0.029374999999999995 0.01871951219512195 0.03621951219512194
