05 0.11750000000000001 0.278125 0.024983552631578948 0.023733552631578947
20 0.063125 0.315625 0.031241610738255023 0.02624161073825504
03 0.5887500000000001 0.255625 0.032456896551724124 0.04870689655172411
03 0.84875 0.1975 0.029994444444444435 0.029994444444444435
03 0.9612499999999999 0.32875 0.019988095238095194 0.03498809523809526
06 0.313125 0.133125 0.021242977528089846 0.02374297752808989
18 0.431875 0.85625 0.023745098039215706 0.027495098039215682
05 0.5475 0.479375 0.03495689655172418 0.036206896551724155
11 0.61375 0.83625 0.03247844827586199 0.032478448275862215
14 0.19874999999999998 0.43875 0.05488636363636365 0.027386363636363598
10 0.37875000000000003 0.965625 0.027485795454545492 0.0187357954545454
20 0.393125 0.6912499999999999 0.026219512195121975 0.027469512195121948
12 0.315 0.6125 0.0424821428571428 0.06748214285714282
04 0.09812499999999999 0.795 0.03373750000000002 0.022487499999999994
