01 0.5975 0.438125 0.017483552631578858 0.016233552631578885
05 0.6756229026845637 0.900625 0.031245805369127466 0.04124161073825494
10 0.536875 0.92875 0.0237068965517242 0.019956896551724168
18 0.33 0.821875 0.019994444444444426 0.023744444444444346
13 0.140625 0.86 0.11873809523809524 0.07748809523809519
03 0.34125 0.063125 0.019992977528089817 0.033742977528089885
10 0.2 0.37124999999999997 0.019995098039215703 0.01749509803921573
12 0.46499999999999997 0.7575000000000001 0.03995689655172413 0.04245689655172413
10 0.436875 0.5956250000000001 0.02372844827586207 0.02372844827586207
07 0.25497159090909094 0.2375 0.052443181818181805 0.03488636363636366
08 0.25 0.5575 0.007485795454545446 0.029985795454545494
20 0.55125 0.043125 0.024969512195122 0.026219512195121947
20 0.115625 0.66625 0.02623214285714287 0.019982142857142837
