20 0.22312500000000002 0.39875000000000005 0.016233552631578968 0.017483552631578914
08 0.36375 0.04 0.029991610738255015 0.07749161073825503
18 0.013125000000000001 0.505625 0.016206896551724137 0.018706896551724084
20 0.041874999999999996 0.2275 0.018744444444444446 0.014994444444444421
01 0.13374999999999998 0.441875 0.01998809523809522 0.016238095238095274
20 0.97 0.141875 0.009992977528089808 0.00874297752808989
04 0.4075 0.14250000000000002 0.022495098039215733 0.019995098039215703
08 0.43062500000000004 0.6168750000000001 0.023706896551724144 0.02120689655172414
14 0.589375 0.166875 0.02122844827586201 0.016228448275862062
09 0.146875 0.37625 0.026136363636363624 0.014886363636363587
