02 0.155625 0.680625 0.03623355263157896 0.0362335526315789
12 0.2625 0.66375 0.06499161073825502 0.052491610738254924
11 0.2675 0.29312499999999997 0.04245689655172413 0.028706896551724148
07 0.598125 0.319375 0.053744444444444484 0.013744444444444448
07 0.81125 0.2925 0.0399880952380951 0.05248809523809528
02 0.393125 0.174375 0.1362429775280899 0.04624297752808987
06 0.315 0.598125 0.08749509803921574 0.056245098039215735
01 0.19874999999999998 0.02375 0.01995689655172414 0.01995689655172414
18 0.224375 0.31 0.021228448275862066 0.024978448275862042
18 0.984375 0.11875 0.02113636363636373 0.024886363636363637
10 0.73125 0.268125 0.027485795454545325 0.018735795454545512
