06 0.15375411184210527 0.7931250000000001 0.07249177631578947 0.09623355263157884
08 0.5275000000000001 0.499375 0.01999161073825506 0.05374161073825512
10 0.479375 0.2925 0.026206896551724146 0.022456896551724115
02 0.5825 0.859375 0.02499444444444454 0.06624444444444433
06 0.2337529761904762 0.5081249999999999 0.009994047619047625 0.02873809523809523
06 0.5 0.18625000000000003 0.019992977528089817 0.029992977528089854
17 0.79875 0.6487499999999999 0.03749509803921569 0.042495098039215695
03 0.795625 0.7275 0.011206896551724133 0.029956896551724177
10 0.62375 0.686875 0.024978448275862042 0.021228448275862233
03 0.524375 0.3325 0.03113636363636363 0.034886363636363604
19 0.166875 0.9806250000000001 0.03623579545454547 0.021235795454545348
08 0.16812500000000002 0.034375 0.03121951219512195 0.011219512195121954
03 0.475625 0.0975 0.036232142857142824 0.06998214285714287
