08 0.725 0.064375 0.07498355263157896 0.023733552631578954
04 0.9675 0.081875 0.04749161073825492 0.031241610738255043
20 0.735625 0.43062500000000004 0.03120689655172415 0.023706896551724144
00 0.808125 0.176875 0.04874444444444437 0.028744444444444434
08 0.260625 0.33875 0.0762380952380953 0.03998809523809527
03 0.21687499999999998 0.7575000000000001 0.023742977528089876 0.04249297752808989
04 0.16625 0.915 0.03999509803921569 0.027495098039215682
03 0.835 0.5368642241379311 0.049956896551724195 0.06622844827586205
01 0.94 0.30125 0.032478448275862104 0.027478448275862044
18 0.40375000000000005 0.548125 0.0298863636363636 0.033636363636363575
03 0.78125 0.560625 0.054985795454545405 0.02123579545454546
15 0.706875 0.785625 0.07371951219512196 0.03621951219512198
08 0.09187500000000001 0.38687499999999997 0.036232142857142866 0.058732142857142844
11 0.30874999999999997 0.34125 0.044987500000000014 0.0324875
