14 0.38312500000000005 0.045625 0.04373355263157891 0.023733552631578954
09 0.15000000000000002 0.216875 0.03499161073825505 0.03874161073825505
05 0.02 0.1225 0.03245689655172414 0.022456896551724115
00 0.260625 0.70875 0.0212444444444444 0.01499444444444431
14 0.983125 0.2275 0.028738095238095118 0.04498809523809527
04 0.7581249999999999 0.7825 0.03124297752808991 0.02749297752808988
18 0.619375 0.064375 0.018745098039215646 0.021245098039215683
10 0.34062499999999996 0.48062499999999997 0.023706896551724144 0.01870689655172414
08 0.725 0.568125 0.042478448275862224 0.01372844827586206
06 0.877528409090909 0.504375 0.07994318181818183 0.08363636363636356
03 0.70375 0.933125 0.009985795454545254 0.031235795454545356
11 0.14 0.2375 0.01996951219512197 0.01996951219512197
