05 0.88125 0.866875 0.037483552631578876 0.026233552631578894
12 0.38125 0.18937500000000002 0.04249161073825508 0.04624161073825503
03 0.1925 0.8868750000000001 0.04245689655172413 0.02120689655172414
01 0.12 0.42625 0.027494444444444474 0.027494444444444488
06 0.673125 0.5874999999999999 0.07123809523809521 0.027488095238095256
08 0.5543750000000001 0.88375 0.05124297752808993 0.039992977528089835
18 0.198125 0.71875 0.0162450980392157 0.01999509803921562
05 0.77875 0.48375 0.022456896551724115 0.03495689655172418
20 0.7662500000000001 0.640625 0.02747844827586221 0.028728448275862184
09 0.08124999999999999 0.028749999999999998 0.019886363636363633 0.022386363636363635
01 0.15437499999999998 0.12437500000000001 0.018735795454545484 0.021235795454545472
