06 0.8775 0.948125 0.08998355263157898 0.01873355263157883
03 0.81 0.226875 0.012491610738254999 0.06124161073825504
03 0.218125 0.85875 0.04120689655172413 0.06495689655172421
03 0.6975 0.6543749999999999 0.027494444444444266 0.07124444444444444
13 0.7424999999999999 0.18562499999999998 0.08498809523809514 0.04373809523809527
04 0.08687500000000001 0.181875 0.0337429775280899 0.02624297752808985
01 0.233125 0.6893750000000001 0.021245098039215704 0.021245098039215704
04 0.674375 0.98 0.0337068965517241 0.02745689655172412
01 0.215625 0.9425 0.026228448275862043 0.022478448275862206
03 0.398125 0.838125 0.043636363636363584 0.02113636363636373
03 0.030625 0.66875 0.048735795454545455 0.017485795454545316
06 0.424375 0.93875 0.11121951219512194 0.05996951219512203
18 0.390625 0.6125 0.02373214285714287 0.02498214285714284
