03 0.5225 0.35250000000000004 0.05748355263157884 0.024983552631578865
18 0.12625 0.71625 0.029991610738255056 0.032491610738254906
09 0.890625 0.6656249999999999 0.07120689655172407 0.05120689655172417
01 0.71 0.885 0.03999444444444433 0.029994444444444435
15 0.5175 0.540625 0.042488095238095214 0.023738095238095225
03 0.53 0.219375 0.022492977528089875 0.04874297752808984
18 0.1575 0.93875 0.029995098039215684 0.032495098039215686
18 0.42562500000000003 0.258125 0.0362068965517241 0.03620689655172413
06 0.6918696120689656 0.71 0.043739224137931076 0.032478448275862215
20 0.49687499999999996 0.77625 0.02613636363636357 0.02488636363636365
06 0.1875 0.08687500000000001 0.09998579545454545 0.09873579545454547
