08 0.6256291118421053 0.49187500000000006 0.0262417763157895 0.05873355263157892
04 0.60625 0.30625 0.03999161073825508 0.03249161073825507
08 0.22438577586206898 0.3175 0.04622844827586206 0.07745689655172416
08 0.86 0.0525 0.022494444444444373 0.047494444444444436
08 0.398125 0.628125 0.03623809523809529 0.058738095238095256
06 0.40437500000000004 0.12 0.06874297752808983 0.08999297752808988
18 0.166875 0.2975 0.031245098039215685 0.03499509803921569
06 0.286875 0.35562499999999997 0.016206896551724137 0.09120689655172415
14 0.178125 0.27375 0.016228448275862062 0.05997844827586207
08 0.22 0.055625 0.03488636363636366 0.01613636363636363
00 0.15125 0.2425 0.039985795454545475 0.024985795454545462
03 0.725625 0.673125 0.023719512195122028 0.026219512195121975
00 0.186875 0.935 0.031232142857142847 0.0274821428571429
04 0.33625000000000005 0.265 0.034987500000000005 0.027487499999999998
