06 0.6375 0.606875 0.027483552631578978 0.026233552631579005
05 0.181875 0.6268750000000001 0.011241610738255053 0.021241610738255035
18 0.133125 0.541875 0.011206896551724133 0.01370689655172419
12 0.7025 0.65875 0.022494444444444373 0.02249444444444426
03 0.474375 0.36 0.02373809523809528 0.014988095238095245
10 0.271875 0.6368750000000001 0.01624297752808984 0.01374297752808984
10 0.8425 0.42874999999999996 0.017495098039215673 0.01749509803921573
06 0.076875 0.7112392241379311 0.04370689655172414 0.032478448275862104
07 0.3325 0.4325 0.03497844827586205 0.024978448275862042
05 0.86375 0.61375 0.009886363636363749 0.019886363636363535
20 0.68875 0.4125 0.012485795454545312 0.012485795454545479
