12 0.105625 0.275 0.03873355263157893 0.03748355263157893
07 0.15875 0.126875 0.012491610738255055 0.04624161073825504
07 0.26187499999999997 0.83125 0.028706896551724148 0.059956896551724204
20 0.5825 0.6975 0.027494444444444488 0.029994444444444435
05 0.37124999999999997 0.73375 0.032488095238095316 0.0399880952380951
09 0.59875 0.67875 0.03749297752808989 0.02499297752808982
03 0.2675 0.483125 0.027495098039215682 0.03624509803921572
20 0.8587499999999999 0.289375 0.032456896551724124 0.028706896551724093
05 0.765625 0.7581249999999999 0.02372844827586218 0.0487284482758622
03 0.5999715909090909 0.328125 0.02494318181818178 0.05863636363636365
14 0.9681249999999999 0.685 0.0337357954545453 0.07498579545454531
03 0.496875 0.22874999999999998 0.03371951219512204 0.04996951219512197
08 0.6825 0.889375 0.022482142857142895 0.02123214285714281
