03 0.6837500000000001 0.596875 0.019983552631578916 0.0362335526315789
14 0.916875 0.826875 0.016241610738254808 0.04124161073825494
06 0.5 0.830625 0.044956896551724135 0.06620689655172407
01 0.081875 0.55 0.01624444444444445 0.01749444444444448
12 0.5237499999999999 0.340625 0.029988095238095203 0.031238095238095287
04 0.476875 0.82375 0.023742977528089848 0.019992977528089817
03 0.144375 0.839375 0.02624509803921571 0.013745098039215753
18 0.895 0.0875 0.014956896551724164 0.017456896551724138
20 0.889375 0.020000000000000004 0.021228448275862233 0.022478448275862074
14 0.451875 0.505625 0.02613636363636357 0.018636363636363562
06 0.17874644886363636 0.37 0.06999289772727274 0.08248579545454549
09 0.535625 0.89375 0.02121951219512197 0.027469512195121948
03 0.963125 0.12062500000000001 0.018732142857142753 0.018732142857142878
18 0.9325 0.16749999999999998 0.019987500000000047 0.02248750000000002
