20 0.6100000000000001 0.944375 0.019983552631578916 0.016233552631578885
05 0.19874999999999998 0.91 0.014991610738255029 0.032491610738254906
05 0.518125 0.62625 0.01370689655172408 0.032456896551724124
05 0.606875 0.410625 0.013744444444444448 0.03374444444444452
15 0.91875 0.560625 0.024988095238095087 0.041238095238095296
08 0.37812500000000004 0.70375 0.01624297752808984 0.03749297752808989
11 0.8175 0.106875 0.027495098039215682 0.02124509803921569
03 0.5275 0.961875 0.024956896551724173 0.043706896551724106
04 0.445 0.919375 0.019978448275862037 0.021228448275862122
12 0.65375 0.13874999999999998 0.03238636363636371 0.039886363636363636
11 0.573125 0.8556250000000001 0.02123579545454546 0.021235795454545348
