14 0.47 0.619375 0.01998355263157886 0.043733552631578965
05 0.478125 0.10625000000000001 0.023741610738255037 0.049991610738255046
04 0.90375 0.583125 0.02745689655172423 0.0237068965517242
14 0.6 0.880625 0.0374944444444445 0.031244444444444408
06 0.21625297619047618 0.15812500000000002 0.05499404761904764 0.04373809523809524
20 0.806875 0.06875 0.026242977528089906 0.02499297752808989
03 0.873125 0.9681249999999999 0.03624509803921572 0.04374509803921567
03 0.7175 0.9675 0.06245689655172415 0.019956896551724168
06 0.9093803879310345 0.8887499999999999 0.09373922413793112 0.004978448275862246
03 0.6287784090909091 0.23374999999999999 0.0449431818181818 0.03738636363636366
03 0.27 0.51375 0.027485795454545492 0.03498579545454544
