09 0.6675 0.469375 0.027483552631578867 0.031233552631578898
03 0.96625 0.27125 0.01999161073825484 0.03749161073825502
15 0.918125 0.33625 0.028706896551724093 0.02745689655172412
04 0.05375 0.629375 0.02999444444444445 0.026244444444444404
08 0.38749999999999996 0.9199999999999999 0.05498809523809528 0.012488095238095132
08 0.3425 0.103125 0.02999297752808988 0.026242977528089892
07 0.778125 0.4524987745098039 0.021245098039215704 0.029997549019607828
06 0.284375 0.40249999999999997 0.0337068965517241 0.02245689655172417
06 0.46187500000000004 0.11249999999999999 0.08372844827586207 0.06747844827586207
02 0.39437500000000003 0.49624999999999997 0.028636363636363626 0.024886363636363595
15 0.77125 0.82375 0.029985795454545272 0.02248579545454532
03 0.07375000000000001 0.7675000000000001 0.04496951219512195 0.0399695121951219
04 0.42625 0.696875 0.02248214285714284 0.026232142857142815
