03 0.238125 0.258125 0.04123355263157896 0.06123355263157901
07 0.139375 0.390625 0.013741610738255028 0.06124161073825507
04 0.438125 0.488125 0.041206896551724104 0.0337068965517241
02 0.7375 0.5862499999999999 0.019994444444444315 0.07999444444444459
14 0.33999999999999997 0.09625 0.05748809523809523 0.024988095238095226
07 0.7931232443820224 0.43 0.05124648876404492 0.03499297752808983
03 0.279375 0.7649999999999999 0.021245098039215704 0.032495098039215686
09 0.260625 0.90875 0.028706896551724093 0.04495689655172408
00 0.323125 0.433125 0.03872844827586208 0.03622844827586208
03 0.9456249999999999 0.395625 0.02363636363636379 0.04113636363636364
20 0.54125 0.41500000000000004 0.03248579545454544 0.022485795454545487
03 0.87625 0.17500000000000002 0.039969512195122014 0.034969512195121955
04 0.5193749999999999 0.18312499999999998 0.03873214285714288 0.02373214285714284
