08 0.298125 0.32687499999999997 0.01623355263157894 0.03873355263157896
07 0.6168750000000001 0.318125 0.018741610738255088 0.04624161073825506
13 0.24563577586206897 0.5662499999999999 0.028728448275862073 0.039956896551724186
12 0.6287499999999999 0.398125 0.039994444444444444 0.023744444444444457
02 0.3375 0.13187500000000002 0.024988095238095254 0.016238095238095246
03 0.355 0.523125 0.014992977528089868 0.028742977528089853
10 0.925 0.7925 0.017495098039215673 0.017495098039215673
06 0.43625 0.46875 0.052456896551724086 0.012456896551724106
03 0.6156250000000001 0.760625 0.02372844827586207 0.046228448275862144
04 0.1175 0.39249999999999996 0.024886363636363637 0.024886363636363595
