18 0.6912499999999999 0.57875 0.029983552631578925 0.03248355263157898
20 0.21125 0.26937500000000003 0.03999161073825505 0.026241610738255094
11 0.50625 0.276875 0.05745689655172409 0.03870689655172416
03 0.833125 0.6737500000000001 0.05374444444444437 0.0624944444444443
06 0.683125 0.796875 0.12623809523809526 0.14123809523809516
04 0.438125 0.549375 0.05124297752808987 0.043742977528089866
08 0.770625 0.861875 0.021245098039215593 0.07124509803921575
12 0.374375 0.6187499999999999 0.06620689655172413 0.0649568965517241
06 0.674375 0.54 0.03872844827586219 0.05497844827586207
05 0.51625 0.4112215909090909 0.042386363636363666 0.03494318181818179
02 0.6012500000000001 0.8775 0.05998579545454541 0.027485795454545325
03 0.334375 0.435625 0.053719512195122 0.051219512195122
