07 0.4225 0.060000000000000005 0.04248355263157888 0.02248355263157896
08 0.9768749999999999 0.21125 0.018741610738254866 0.04999161073825506
03 0.739375 0.619375 0.018706896551724084 0.026206896551724146
20 0.55125 0.42874999999999996 0.01749444444444448 0.014994444444444477
08 0.7418750000000001 0.18625 0.03373809523809512 0.017488095238095247
08 0.943125 0.855625 0.011242977528089781 0.016242977528089897
07 0.8987499999999999 0.578125 0.1149950980392157 0.023745098039215762
03 0.3975 0.2 0.022456896551724115 0.03995689655172413
13 0.283125 0.61375 0.018728448275862064 0.04747844827586212
03 0.256875 0.109375 0.0186363636363637 0.03613636363636363
20 0.36124999999999996 0.584375 0.007485795454545474 0.008735795454545503
03 0.968125 0.7875 0.03121951219512198 0.019969512195121997
