01 0.52875 0.501875 0.02498355263157881 0.02373355263157889
20 0.325625 0.08 0.023741610738255092 0.019991610738255033
08 0.6775 0.5856250000000001 0.06745689655172415 0.036206896551724044
04 0.579375 0.42937499999999995 0.02124444444444451 0.018744444444444508
04 0.0575 0.600625 0.022488095238095238 0.023738095238095336
02 0.859375 0.5931249999999999 0.026242977528089906 0.023742977528089848
20 0.7749999999999999 0.47 0.009995098039215722 0.009995098039215666
14 0.234375 0.529375 0.06870689655172413 0.026206896551724146
01 0.65875 0.24 0.014978448275862255 0.01497844827586206
11 0.440625 0.766875 0.02113636363636362 0.018636363636363784
