03 0.5231291118421053 0.940625 0.013741776315789433 0.013733552631578827
20 0.9456249999999999 0.325625 0.021241610738254812 0.01624161073825503
20 0.413125 0.09625 0.02120689655172414 0.014956896551724136
04 0.07625 0.411875 0.01749444444444445 0.013744444444444504
00 0.44562500000000005 0.640625 0.02373809523809528 0.02623809523809517
12 0.8187500000000001 0.26312500000000005 0.04499297752808984 0.02624297752808985
14 0.536875 0.225 0.028745098039215655 0.019995098039215675
04 0.41625 0.41812499999999997 0.022456896551724115 0.023706896551724144
13 0.451875 0.281875 0.038728448275862026 0.031228448275862075
06 0.501875 0.42125 0.07863636363636356 0.01738636363636359
08 0.6037464488636364 0.058125 0.024992897727272645 0.02623579545454545
17 0.39812499999999995 0.93625 0.03371951219512198 0.039969512195122014
