00 0.8543750000000001 0.07125 0.031233552631578898 0.03248355263157895
18 0.7012499999999999 0.75375 0.017491610738254892 0.01999161073825495
03 0.058125 0.909375 0.018706896551724153 0.053706896551724115
14 0.36250000000000004 0.743125 0.01999444444444448 0.023744444444444346
14 0.82125 0.7793749999999999 0.04748809523809516 0.04373809523809513
07 0.82125 0.5874999999999999 0.10249297752808983 0.014992977528089813
01 0.819375 0.2525 0.031245098039215713 0.027495098039215682
19 0.390625 0.353125 0.02120689655172414 0.03370689655172415
11 0.92875 0.875 0.03497844827586227 0.0274784482758621
12 0.166875 0.126875 0.031136363636363656 0.043636363636363626
11 0.79 0.8343750000000001 0.027485795454545325 0.023735795454545294
