14 0.7725 0.845625 0.02498355263157892 0.026233552631578894
18 0.37375 0.3425 0.01749161073825506 0.01749161073825506
03 0.5075000000000001 0.931875 0.019956896551724168 0.04120689655172405
03 0.135 0.38125 0.049994444444444466 0.014994444444444477
18 0.7206250000000001 0.09437499999999999 0.01623809523809505 0.018738095238095234
06 0.64625 0.73875 0.009992977528089808 0.03749297752808989
06 0.625001225490196 0.58375 0.08499754901960788 0.032495098039215686
08 0.5874999999999999 0.4775 0.00995689655172416 0.02745689655172412
12 0.135 0.50125 0.03997844827586207 0.05497844827586207
15 0.28937500000000005 0.5874999999999999 0.011136363636363666 0.022386363636363593
19 0.270625 0.3725 0.031235795454545467 0.02498579545454549
04 0.263125 0.215 0.028719512195122004 0.022469512195122
