20 0.20500000000000002 0.924375 0.017483552631578997 0.016233552631578996
03 0.08125 0.1875 0.029991610738255042 0.04749161073825503
13 0.901875 0.31875 0.02120689655172414 0.054956896551724144
10 0.296875 0.7749999999999999 0.023744444444444457 0.017494444444444368
14 0.063125 0.6325 0.05623809523809523 0.024988095238095198
11 0.38625 0.057499999999999996 0.03249297752808983 0.032492977528089884
06 0.5862499999999999 0.645625 0.022495098039215677 0.08374509803921559
15 0.57125 0.5725 0.04745689655172414 0.02745689655172412
00 0.896875 0.503125 0.03372844827586219 0.026228448275862015
03 0.028749999999999998 0.035 0.024886363636363634 0.037386363636363634
03 0.7925 0.96875 0.027485795454545325 0.022485795454545432
04 0.115625 0.395625 0.038719512195121944 0.03121951219512198
05 0.06812499999999999 0.84875 0.01873214285714285 0.0374821428571428
13 0.11125 0.709375 0.029987500000000028 0.09373750000000003
