20 0.93875 0.73375 0.029983552631578925 0.022483552631578974
08 0.27625 0.166875 0.03999161073825508 0.02874161073825504
10 0.244375 0.7262500000000001 0.023706896551724116 0.022456896551724115
03 0.6912499999999999 0.235625 0.017494444444444368 0.038744444444444415
03 0.35500297619047616 0.89625 0.027494047619047668 0.019988095238095083
09 0.9606250000000001 0.64625 0.04624297752808981 0.03499297752808994
07 0.468125 0.7093750000000001 0.023745098039215706 0.03374509803921566
14 0.176875 0.8975 0.033706896551724125 0.029956896551724177
11 0.906875 0.665 0.03372844827586219 0.024978448275862264
15 0.645 0.921875 0.012386363636363695 0.02113636363636373
03 0.5606249999999999 0.48375 0.016235795454545454 0.019985795454545485
