14 0.351875 0.481875 0.018733552631578942 0.04123355263157891
05 0.173125 0.47125 0.021241610738255035 0.01999161073825506
08 0.32999999999999996 0.298739224137931 0.034956896551724126 0.029978448275862046
08 0.1775 0.8275 0.01249444444444442 0.037494444444444275
14 0.045 0.714375 0.019988095238095235 0.021238095238095056
05 0.445625 0.9725 0.018742977528089844 0.02749297752808988
03 0.0825 0.14750000000000002 0.009995098039215694 0.019995098039215703
12 0.043750000000000004 0.955625 0.03745689655172414 0.03870689655172421
14 0.08249999999999999 0.38 0.00997844827586207 0.0274784482758621
08 0.58875 0.475 0.012386363636363695 0.01738636363636359
06 0.635 0.5925 0.047485795454545454 0.02498579545454549
15 0.9375 0.47375 0.0349695121951219 0.01746951219512194
14 0.358125 0.291875 0.011232142857142857 0.018732142857142864
