20 0.313125 0.92375 0.026233552631578894 0.02498355263157892
02 0.44 0.7949999999999999 0.042491610738255026 0.034991610738254963
03 0.741875 0.045 0.05870689655172412 0.04745689655172414
00 0.78375 0.55 0.03499444444444444 0.03499444444444444
03 0.8275 0.81375 0.027488095238095145 0.02248809523809514
19 0.7 0.105625 0.027492977528089768 0.031242977528089882
13 0.3025 0.52125 0.08249509803921568 0.08499509803921573
05 0.60625 0.24375000000000002 0.01745689655172411 0.037456896551724156
20 0.056874999999999995 0.259375 0.02122844827586206 0.021228448275862066
03 0.34375 0.644375 0.037386363636363606 0.02863636363636357
15 0.46125 0.7193750000000001 0.0349857954545455 0.021235795454545348
15 0.3125 0.1975 0.024969512195122 0.03246951219512198
04 0.8612500000000001 0.893125 0.03248214285714279 0.023732142857142757
