14 0.03375 0.92625 0.012483552631578944 0.019983552631578916
07 0.364375 0.41874790268456374 0.023741610738255092 0.0374958053691275
06 0.3875 0.533125 0.06245689655172415 0.04870689655172411
18 0.20875 0.828125 0.009994444444444417 0.013744444444444337
15 0.17062500000000003 0.200625 0.04123809523809527 0.02373809523809528
01 0.78 0.79 0.014992977528089813 0.01749297752808987
03 0.306875 0.935625 0.0162450980392157 0.0162450980392157
04 0.7150000000000001 0.455625 0.022456896551724115 0.01370689655172408
15 0.37375 0.14625 0.017478448275862035 0.009978448275862056
06 0.3975 0.581875 0.04238636363636361 0.04613636363636364
08 0.6175035511363637 0.79 0.009992897727272743 0.012485795454545312
