18 0.34125 0.078125 0.019983552631578916 0.021233552631578945
03 0.558125 0.56125 0.07124161073825508 0.03999161073825508
03 0.108125 0.083125 0.021206896551724128 0.03620689655172414
03 0.188125 0.7406250000000001 0.04374444444444445 0.02874444444444435
18 0.47250000000000003 0.38125 0.01998809523809525 0.022488095238095307
20 0.10625 0.8343750000000001 0.014992977528089896 0.01374297752808984
06 0.393125 0.760625 0.06124509803921574 0.05124509803921562
18 0.06125 0.3275 0.017456896551724138 0.019956896551724113
08 0.74875 0.134375 0.03497844827586216 0.033728448275862064
08 0.5175284090909091 0.185 0.022443181818181834 0.019886363636363646
10 0.74875 0.67875 0.03248579545454533 0.024985795454545268
