13 0.45999999999999996 0.9525 0.03248355263157893 0.057483552631578894
19 0.498125 0.415625 0.043741610738255 0.023741610738255037
03 0.125 0.73875 0.017456896551724124 0.019956896551724057
13 0.465 0.134375 0.09499444444444449 0.056244444444444444
06 0.55 0.32 0.03248809523809526 0.012488095238095243
12 0.95875 0.504375 0.03499297752808994 0.036242977528089915
03 0.57375 0.6912499999999999 0.02999509803921563 0.012495098039215669
07 0.8706142241379311 0.7525 0.06622844827586205 0.019956896551724168
05 0.7818750000000001 0.36312500000000003 0.03872844827586219 0.02622844827586207
03 0.674375 0.6675 0.0336363636363638 0.02738636363636371
15 0.07500000000000001 0.5518749999999999 0.029985795454545452 0.026235795454545463
