08 0.09437499999999999 0.6156250000000001 0.03373355263157894 0.031233552631578898
20 0.085625 0.721875 0.02624161073825504 0.018741610738254866
03 0.5125 0.5231250000000001 0.02495689655172406 0.04120689655172416
03 0.054375 0.073125 0.026244444444444445 0.056244444444444444
11 0.9381250000000001 0.34187500000000004 0.03373809523809512 0.028738095238095285
09 0.16499999999999998 0.28437500000000004 0.03749297752808986 0.01624297752808984
03 0.26 0.474375 0.0474950980392157 0.02624509803921571
12 0.35875 0.048125 0.02745689655172412 0.05370689655172414
03 0.6856249999999999 0.7262500000000001 0.01622844827586223 0.014978448275862255
18 0.40312499999999996 0.980625 0.018636363636363618 0.02113636363636373
