00 0.881875 0.12375 0.06373355263157887 0.06248355263157894
04 0.9568749999999999 0.40625 0.03624161073825494 0.03749161073825502
03 0.90625 0.90125 0.05245689655172403 0.10995689655172414
06 0.640625 0.15125 0.17874444444444448 0.04499444444444445
03 0.479375 0.40125 0.1037380952380953 0.027488095238095256
00 0.73125 0.57125 0.0524929775280899 0.032492977528089884
04 0.5549999999999999 0.655 0.059995098039215766 0.049995098039215646
07 0.555625 0.15375 0.036206896551724155 0.06995689655172414
18 0.235 0.5725 0.03747844827586208 0.039978448275862055
03 0.059375000000000004 0.06937499999999999 0.08363636363636365 0.10363636363636364
08 0.27 0.0775 0.05498579545454546 0.03248579545454546
00 0.436875 0.15 0.06621951219512195 0.05496951219512196
03 0.036875 0.969375 0.056232142857142856 0.036232142857142824
