08 0.910625 0.021875000000000002 0.013733552631578938 0.03373355263157895
03 0.27687709731543625 0.723125 0.01874580536912751 0.021241610738254924
18 0.489375 0.575 0.013706896551724135 0.01745689655172411
20 0.485625 0.8775 0.01624444444444445 0.017494444444444368
08 0.844375 0.5662499999999999 0.03623809523809518 0.0149880952380953
03 0.46375 0.20875 0.029992977528089826 0.019992977528089845
05 0.620625 0.13125 0.0162450980392157 0.029995098039215698
10 0.043125000000000004 0.249375 0.02120689655172414 0.016206896551724137
11 0.56375 0.88375 0.0274784482758621 0.01997844827586215
01 0.770625 0.266875 0.013636363636363669 0.01613636363636367
06 0.4225035511363636 0.9456249999999999 0.062492897727272734 0.008735795454545392
