12 0.4475 0.200625 0.027483552631578867 0.02873355263157895
01 0.73875 0.07500000000000001 0.012491610738254888 0.01249161073825504
00 0.553125 0.073125 0.028706896551724093 0.031206896551724143
15 0.7268749999999999 0.014375 0.008744444444444333 0.026244444444444445
02 0.26375297619047616 0.421875 0.004994047619047648 0.016238095238095274
01 0.65 0.826875 0.01749297752808987 0.018742977528089844
03 0.74125 0.978125 0.02999509803921574 0.018745098039215646
10 0.12375 0.640625 0.019956896551724113 0.02120689655172403
18 0.768125 0.111875 0.01622844827586223 0.018728448275862064
00 0.926875 0.378125 0.023636363636363678 0.016136363636363615
18 0.4275 0.655 0.019985795454545485 0.02248579545454532
14 0.614375 0.37687499999999996 0.018719512195122023 0.018719512195121968
03 0.11624999999999999 0.033124999999999995 0.00998214285714287 0.02373214285714285
07 0.558125 0.6025 0.09873750000000003 0.01748749999999999
