03 0.354375 0.865625 0.01123355263157888 0.026233552631578894
03 0.14750000000000002 0.6625 0.019991610738255033 0.04499161073825486
10 0.514375 0.93375 0.016206896551724137 0.01745689655172411
06 0.5900000000000001 0.589375 0.009994444444444528 0.06624444444444455
00 0.46375 0.58 0.012488095238095243 0.009988095238095296
09 0.46687500000000004 0.48375 0.021242977528089846 0.019992977528089872
02 0.06812499999999999 0.22875 0.018745098039215688 0.019995098039215703
08 0.2475 0.954375 0.03995689655172416 0.02120689655172414
01 0.721875 0.98875 0.01622844827586223 0.014978448275862144
19 0.39875000000000005 0.60625 0.01988636363636359 0.02488636363636354
05 0.864375 0.69875 0.011235795454545228 0.029985795454545272
