06 0.23375 0.8400000000000001 0.06998355263157899 0.029983552631578925
03 0.750625 0.416875 0.018741610738254977 0.03874161073825505
09 0.515 0.18625 0.024956896551724173 0.03995689655172413
04 0.9125000000000001 0.12687500000000002 0.019994444444444315 0.018744444444444466
06 0.12125 0.9337500000000001 0.06998809523809524 0.044988095238095105
03 0.424375 0.573125 0.03374297752808986 0.02124297752808979
06 0.416875 0.67125 0.008745098039215693 0.017495098039215673
09 0.265625 0.493125 0.026206896551724146 0.023706896551724088
04 0.500625 0.318125 0.02122844827586201 0.016228448275862062
09 0.27937500000000004 0.2675 0.021136363636363675 0.02488636363636365
10 0.5549999999999999 0.396875 0.012485795454545534 0.031235795454545467
