08 0.130625 0.8125 0.026233552631578935 0.03498355263157893
06 0.8887520973154364 0.58875 0.019995805369127484 0.014991610738255057
02 0.256875 0.14687499999999998 0.02870689655172412 0.03870689655172413
03 0.07 0.72375 0.07249444444444444 0.027494444444444266
15 0.23625000000000002 0.9393750000000001 0.05748809523809528 0.04623809523809508
03 0.5700000000000001 0.1325 0.012492977528089866 0.054992977528089876
17 0.339375 0.6799999999999999 0.031245098039215657 0.04499509803921564
09 0.625 0.944375 0.019956896551724057 0.036206896551724155
15 0.22562500000000002 0.07062500000000001 0.04622844827586206 0.04872844827586207
06 0.70625 0.6012500000000001 0.05238636363636373 0.09238636363636366
04 0.206875 0.095 0.028735795454545465 0.02248579545454546
