03 0.7075 0.06937499999999999 0.019983552631578916 0.04123355263157895
12 0.365 0.7749999999999999 0.04999161073825503 0.04749161073825492
02 0.5325 0.7893749999999999 0.029956896551724177 0.04120689655172416
13 0.56 0.5475 0.039994444444444555 0.10249444444444444
13 0.47875 0.106875 0.03498809523809526 0.07123809523809523
20 0.476875 0.885625 0.023742977528089848 0.02124297752808979
03 0.525625 0.713125 0.03374509803921577 0.05374509803921568
08 0.681875 0.14687499999999998 0.016206896551724137 0.043706896551724134
17 0.67625 0.764375 0.04747844827586223 0.0437284482758622
10 0.5925 0.43562500000000004 0.03488636363636355 0.02613636363636357
