13 0.341875 0.184375 0.08123355263157894 0.10123355263157896
02 0.91875 0.783125 0.042491610738254915 0.031241610738254932
02 0.318125 0.36875 0.026206896551724146 0.062456896551724095
06 0.91125 0.31062500000000004 0.16499444444444444 0.05874444444444443
08 0.17625000000000002 0.686875 0.05498809523809525 0.02623809523809517
06 0.6725 0.213125 0.07249297752808981 0.028742977528089853
18 0.295625 0.846875 0.02874509803921571 0.031245098039215713
13 0.844375 0.30625 0.06620689655172418 0.16245689655172416
20 0.22375 0.34750000000000003 0.039978448275862055 0.03747844827586205
06 0.8300000000000001 0.6112215909090909 0.11988636363636374 0.03744318181818174
03 0.7125 0.863125 0.019985795454545263 0.03623579545454536
