03 0.513125 0.391875 0.05873355263157892 0.02623355263157895
03 0.55875 0.668125 0.05499161073825509 0.021241610738254924
08 0.48687499999999995 0.6475 0.0362068965517241 0.06245689655172415
18 0.3275 0.049375 0.02499444444444443 0.026244444444444445
00 0.725625 0.88625 0.031238095238095176 0.024988095238095198
14 0.7262500000000001 0.935 0.029992977528089937 0.049992977528089955
06 0.52125 0.7324999999999999 0.027495098039215682 0.14499509803921573
20 0.27749999999999997 0.913125 0.017456896551724166 0.018706896551724195
08 0.770625 0.6699946120689655 0.1162284482758622 0.06748922413793113
04 0.1025 0.84875 0.037386363636363634 0.02488636363636365
01 0.33 0.43875 0.047485795454545454 0.049985795454545456
12 0.7024999999999999 0.733125 0.047469512195121966 0.043719512195121935
03 0.815625 0.180625 0.03873214285714288 0.036232142857142824
