08 0.7381249999999999 0.5706249999999999 0.05373355263157886 0.04123355263157891
19 0.8512500000000001 0.47250000000000003 0.03749161073825491 0.03499161073825502
14 0.765 0.31999999999999995 0.024956896551724173 0.024956896551724117
20 0.275 0.05625 0.02499444444444443 0.027494444444444446
18 0.486875 0.708125 0.01873809523809522 0.021238095238095056
11 0.920625 0.37124999999999997 0.023742977528089848 0.034992977528089886
12 0.538125 0.7475 0.06124509803921574 0.042495098039215695
14 0.408125 0.1275 0.043706896551724106 0.02495689655172413
03 0.21687499999999998 0.536875 0.038728448275862054 0.02122844827586201
20 0.215 0.50125 0.027386363636363653 0.019886363636363646
06 0.745 0.8218714488636363 0.07998579545454532 0.02374289772727256
03 0.031249999999999997 0.736875 0.032469512195121945 0.08121951219512191
07 0.38875000000000004 0.848125 0.044982142857142804 0.01373214285714286
10 0.08625000000000001 0.13625 0.0299875 0.029987500000000014
