04 0.6481250000000001 0.31625 0.02873355263157895 0.019983552631578916
06 0.175 0.60125 0.04249161073825505 0.08999161073825501
14 0.1225 0.71 0.019956896551724113 0.02745689655172412
07 0.5575013888888889 0.113125 0.024997222222222226 0.04624444444444448
02 0.251875 0.37812500000000004 0.03373809523809526 0.02373809523809528
06 0.5956250000000001 0.478125 0.07374297752808989 0.03374297752808986
13 0.684375 0.861875 0.056245098039215624 0.0837450980392157
00 0.8775 0.064375 0.029956896551724177 0.02120689655172415
08 0.295 0.5349999999999999 0.039978448275862055 0.03497844827586205
19 0.8474999999999999 0.71 0.024886363636363762 0.02738636363636371
07 0.080625 0.05312499999999999 0.04373579545454545 0.046235795454545446
05 0.848125 0.6881250000000001 0.016219512195121966 0.03621951219512198
02 0.9075 0.893125 0.04498214285714286 0.033732142857142766
06 0.5331250000000001 0.370625 0.05623750000000005 0.02123750000000002
