04 0.27812499999999996 0.21375 0.03623355263157896 0.022483552631578974
13 0.735625 0.05500000000000001 0.008741610738254857 0.07749161073825504
03 0.769375 0.729375 0.046206896551724164 0.04870689655172411
06 0.450625 0.275 0.09124444444444446 0.017494444444444424
16 0.291875 0.799375 0.041238095238095296 0.051238095238095194
00 0.9412499999999999 0.784375 0.03499297752808983 0.0212429775280899
03 0.5387500000000001 0.6387499999999999 0.01999509803921573 0.042495098039215695
13 0.53875 0.7275 0.1299568965517241 0.03495689655172407
06 0.66625 0.84 0.03997844827586228 0.09747844827586216
00 0.35 0.45375 0.037386363636363606 0.024886363636363595
15 0.224375 0.0625 0.02373579545454546 0.03748579545454546
