14 0.080625 0.964375 0.038733552631578946 0.04873355263157886
18 0.443125 0.581875 0.021241610738255035 0.023741610738255092
03 0.8574999999999999 0.431875 0.09245689655172418 0.028706896551724093
03 0.930625 0.35625 0.021244444444444288 0.047494444444444506
03 0.8987499999999999 0.5175 0.034988095238095096 0.042488095238095214
03 0.24874999999999997 0.153125 0.07999297752808984 0.08624297752808988
20 0.569375 0.22375 0.02624509803921571 0.019995098039215675
03 0.393125 0.509375 0.026206896551724146 0.021206896551724086
00 0.931875 0.795625 0.026228448275862126 0.01622844827586223
06 0.77625 0.410625 0.07738636363636364 0.03613636363636358
05 0.9412499999999999 0.700625 0.029985795454545383 0.02873579545454541
15 0.8200000000000001 0.38 0.03246951219512206 0.024969512195122
07 0.60625 0.530625 0.08498214285714278 0.06873214285714285
02 0.169375 0.246875 0.03373750000000003 0.04373750000000001
