04 0.0975 0.4 0.037483552631578945 0.034983552631578874
03 0.29937499999999995 0.24062500000000003 0.03874161073825505 0.021241610738255062
03 0.715625 0.5718749999999999 0.06620689655172407 0.03120689655172415
06 0.89 0.815 0.10499444444444439 0.057494444444444404
08 0.42874999999999996 0.43937499999999996 0.06248809523809523 0.018738095238095276
11 0.4125 0.265625 0.03749297752808983 0.03374297752808986
18 0.2925 0.9512499999999999 0.029995098039215684 0.032495098039215686
03 0.7262500000000001 0.45125000000000004 0.02495689655172406 0.044956896551724135
20 0.8500000000000001 0.6975 0.02747844827586221 0.024978448275862153
03 0.7375 0.513125 0.029886363636363655 0.03113636363636363
03 0.774375 0.046875 0.04373579545454531 0.061235795454545446
20 0.32 0.48062499999999997 0.03246951219512195 0.03371951219512198
