03 0.9675 0.15125 0.039983552631578934 0.032483552631578955
18 0.18562499999999998 0.864375 0.023741610738255065 0.026241610738254817
03 0.5125 0.953125 0.034956896551724126 0.0387068965517241
09 0.35250000000000004 0.5525 0.01999444444444448 0.06249444444444441
11 0.891875 0.50625 0.03373809523809512 0.029988095238095258
16 0.17625 0.494375 0.05749297752808985 0.03874297752808986
06 0.1375 0.7481249999999999 0.022495098039215705 0.0837450980392157
01 0.171875 0.305 0.01870689655172414 0.014956896551724164
06 0.16999999999999998 0.923125 0.03997844827586208 0.03372844827586219
03 0.681875 0.053750000000000006 0.023636363636363678 0.03738636363636364
03 0.825 0.168125 0.014985795454545259 0.016235795454545454
10 0.951875 0.869375 0.028719512195122032 0.02121951219512197
00 0.0925 0.27875 0.03248214285714286 0.02748214285714279
03 0.17625 0.670625 0.04998750000000002 0.07873750000000002
