14 0.264375 0.778125 0.07123355263157899 0.03873355263157896
01 0.585 0.8825000000000001 0.04999161073825509 0.04749161073825492
17 0.361875 0.915 0.05870689655172412 0.05995689655172409
14 0.65625 0.97 0.029994444444444435 0.037494444444444386
03 0.671875 0.41125 0.05373809523809503 0.0724880952380953
12 0.529375 0.6481250000000001 0.10124297752808992 0.07124297752808995
18 0.248125 0.12687500000000002 0.03874509803921572 0.041245098039215694
08 0.18375 0.8799999999999999 0.014956896551724108 0.032456896551724124
14 0.9512499999999999 0.30062500000000003 0.06997844827586219 0.028728448275862017
18 0.318125 0.889375 0.038636363636363635 0.04113636363636375
19 0.790625 0.145 0.05623579545454538 0.05748579545454545
18 0.5762499999999999 0.03812499999999999 0.03746951219512196 0.038719512195121944
15 0.540625 0.7362455357142856 0.03873214285714277 0.02249107142857143
06 0.839375 0.320625 0.15623750000000003 0.02123750000000002
