03 0.10125 0.37562088815789474 0.049983552631578956 0.03124177631578945
03 0.224375 0.084375 0.01874161073825506 0.04374161073825504
03 0.40001077586206896 0.46375 0.014978448275862033 0.019956896551724168
13 0.565 0.389375 0.0424944444444445 0.0712444444444445
15 0.490625 0.90625 0.021238095238095278 0.01498809523809519
03 0.856875 0.24874999999999997 0.03124297752808991 0.022492977528089847
12 0.31 0.30500000000000005 0.032495098039215686 0.03499509803921569
02 0.10999999999999999 0.40375 0.06745689655172414 0.029956896551724177
13 0.6799999999999999 0.85625 0.08247844827586215 0.032478448275862215
03 0.254375 0.798125 0.031136363636363656 0.026136363636363735
06 0.423125 0.5700000000000001 0.01623579545454551 0.06998579545454542
04 0.760625 0.031875 0.028719512195122032 0.023719512195121948
06 0.5900000000000001 0.590625 0.029982142857142846 0.016232142857142917
