03 0.6443749999999999 0.6331249999999999 0.043733552631578854 0.04123355263157891
20 0.808125 0.33375 0.026241610738254928 0.022491610738255063
13 0.5081249999999999 0.46125 0.01370689655172408 0.05245689655172414
07 0.083125 0.6356236111111111 0.04374444444444445 0.01874722222222225
03 0.795625 0.66875 0.021238095238095167 0.024988095238095087
10 0.501875 0.254375 0.018742977528089788 0.013742977528089867
11 0.50375 0.01625 0.024995098039215735 0.024995098039215687
17 0.715625 0.205625 0.028706896551724204 0.03120689655172415
03 0.24062499999999998 0.36187499999999995 0.028728448275862045 0.021228448275862066
20 0.89375 0.93875 0.02738636363636371 0.022386363636363704
11 0.36624999999999996 0.07125000000000001 0.027485795454545492 0.024985795454545462
