01 0.895625 0.4375 0.04623355263157891 0.03498355263157893
03 0.20625 0.68375 0.09249161073825504 0.06249161073825493
10 0.865625 0.224375 0.09120689655172409 0.056206896551724145
04 0.925 0.58875 0.07999444444444437 0.07499444444444459
11 0.521875 0.575625 0.06123809523809526 0.04873809523809525
20 0.136875 0.9625 0.06624297752808989 0.039992977528089835
14 0.135 0.195 0.06999509803921569 0.09499509803921569
08 0.9625 0.218125 0.03745689655172413 0.10620689655172413
18 0.494375 0.065625 0.04872844827586209 0.051228448275862065
03 0.41625 0.681875 0.06238636363636363 0.026136363636363735
01 0.783125 0.504375 0.058735795454545325 0.056235795454545434
00 0.338125 0.384375 0.07621951219512196 0.07121951219512196
02 0.6331249999999999 0.11125 0.13873214285714275 0.03998214285714288
