20 0.979375 0.07875 0.021233552631579 0.022483552631578946
11 0.53 0.8775 0.02999161073825507 0.029991610738254848
11 0.8243750000000001 0.475 0.03120689655172415 0.02245689655172417
05 0.516875 0.97125 0.03624444444444447 0.029994444444444324
00 0.54125 0.176875 0.03498809523809521 0.036238095238095236
08 0.39125 0.9325 0.029992977528089826 0.057492977528089906
03 0.26625 0.353125 0.02499509803921568 0.02874509803921571
11 0.65625 0.743125 0.03495689655172418 0.028706896551724093
14 0.83375 0.105625 0.02747844827586221 0.03122844827586206
06 0.685625 0.383125 0.04113636363636375 0.05363636363636359
08 0.395625 0.6425000000000001 0.03623579545454547 0.03998579545454539
16 0.23875000000000002 0.6275 0.027469512195121976 0.04496951219512202
14 0.776875 0.098125 0.02873214285714276 0.02623214285714287
