12 0.44 0.6312500000000001 0.04248355263157888 0.029983552631578925
18 0.5774999999999999 0.365 0.01999161073825506 0.022491610738255063
05 0.279375 0.22312500000000002 0.026206896551724146 0.031206896551724123
20 0.90875 0.07750000000000001 0.02499444444444443 0.024994444444444444
20 0.3675 0.5700000000000001 0.02498809523809531 0.017488095238095247
08 0.27375 0.8756250000000001 0.022492977528089875 0.053742977528089875
04 0.20937499999999998 0.6924999999999999 0.031245098039215685 0.032495098039215686
09 0.2825 0.9412499999999999 0.04245689655172408 0.03495689655172407
03 0.7949999999999999 0.51875 0.014978448275862255 0.029978448275862046
14 0.66625 0.04625 0.012386363636363695 0.024886363636363637
08 0.235 0.7093750000000001 0.01248579545454545 0.041235795454545365
14 0.93375 0.38687499999999997 0.03246951219512195 0.03371951219512198
