20 0.35062499999999996 0.39375 0.011233552631578936 0.014983552631578911
06 0.12875 0.06375 0.05499161073825505 0.05749161073825504
06 0.055624999999999994 0.166875 0.05620689655172413 0.011206896551724133
07 0.0125 0.544375 0.007494444444444444 0.026244444444444404
11 0.191875 0.0975 0.018738095238095276 0.017488095238095233
13 0.45375 0.799375 0.04249297752808984 0.043742977528089866
08 0.938125 0.02875 0.0162450980392157 0.03499509803921569
13 0.650625 0.855 0.03120689655172404 0.07995689655172411
18 0.444375 0.600625 0.01372844827586206 0.016228448275862006
14 0.414375 0.045625 0.02113636363636362 0.03113636363636363
06 0.10625000000000001 0.9824999999999999 0.04998579545454547 0.029985795454545383
14 0.566875 0.47625 0.026219512195121975 0.022469512195121943
03 0.15000000000000002 0.5325 0.019982142857142865 0.009982142857142828
