02 0.7875000000000001 0.104375 0.019983552631578916 0.036233552631578944
03 0.29375 0.08062290268456376 0.03249161073825502 0.021245805369127513
04 0.431875 0.19687500000000002 0.03120689655172415 0.031206896551724123
04 0.073125 0.775625 0.028744444444444447 0.023744444444444346
03 0.0475 0.0325 0.009988095238095233 0.02498809523809523
04 0.82125 0.82375 0.03749297752808989 0.02499297752808982
14 0.80125 0.071875 0.024995098039215735 0.013745098039215684
03 0.06812499999999999 0.4925 0.03870689655172414 0.032456896551724124
04 0.3175 0.101875 0.024978448275862042 0.021228448275862052
04 0.870625 0.09625 0.028636363636363793 0.029886363636363628
03 0.514375 0.164375 0.016235795454545454 0.03373579545454547
10 0.821875 0.44062500000000004 0.028719512195122032 0.023719512195121972
00 0.6125 0.26125 0.02498214285714284 0.024982142857142814
04 0.40249999999999997 0.9493750000000001 0.024987499999999996 0.02873749999999997
