00 0.5325 0.8062499999999999 0.04998355263157894 0.04998355263157894
00 0.961875 0.0475 0.04124161073825494 0.034991610738255026
10 0.680625 0.4575 0.03120689655172415 0.024956896551724117
01 0.48562500000000003 0.2625 0.03124444444444452 0.019994444444444426
03 0.061875 0.5449999999999999 0.03873809523809524 0.03498809523809532
13 0.05312499999999999 0.840625 0.041242977528089884 0.11124297752808987
18 0.7 0.661875 0.027495098039215682 0.031245098039215602
11 0.586875 0.391875 0.04870689655172411 0.04620689655172411
02 0.29312499999999997 0.123125 0.028728448275862017 0.05622844827586207
20 0.305625 0.964375 0.028636363636363682 0.023636363636363678
07 0.5787500000000001 0.6456249999999999 0.06748579545454547 0.03623579545454547
08 0.625 0.0725 0.14746951219512194 0.09246951219512195
08 0.42125 0.49312500000000004 0.05248214285714281 0.0712321428571428
