00 0.18125 0.388125 0.022483552631578974 0.02123355263157889
01 0.43875 0.859375 0.019991610738255006 0.013741610738254861
08 0.450625 0.296875 0.011206896551724133 0.04120689655172416
20 0.356875 0.7418750000000001 0.02874444444444446 0.026244444444444404
11 0.916875 0.549375 0.028738095238095118 0.026238095238095283
08 0.240625 0.31125 0.031242977528089855 0.03999297752808989
08 0.736875 0.405625 0.04374509803921567 0.021245098039215704
05 0.4475 0.6525000000000001 0.032456896551724124 0.022456896551724115
14 0.97125 0.33499999999999996 0.032478448275862104 0.027478448275862044
18 0.448125 0.02 0.018636363636363562 0.022386363636363635
14 0.0975 0.36624999999999996 0.06498579545454547 0.027485795454545492
08 0.266875 0.7893749999999999 0.023719512195121972 0.018719512195121912
