04 0.40625 0.5775 0.04248355263157888 0.037483552631578876
15 0.50125 0.3425 0.02999161073825507 0.03749161073825508
02 0.275625 0.8975 0.11620689655172414 0.06245689655172415
03 0.753125 0.51 0.11874444444444443 0.052494444444444455
13 0.18875 0.7949999999999999 0.049988095238095276 0.0924880952380952
15 0.656875 0.580625 0.06374297752808977 0.05624297752808982
03 0.7112499999999999 0.053125000000000006 0.04999509803921576 0.06874509803921569
01 0.2925 0.8456250000000001 0.057456896551724146 0.043706896551724106
02 0.6512500000000001 0.228125 0.08997844827586221 0.08872844827586207
06 0.3425 0.3175 0.017386363636363644 0.057386363636363624
13 0.8331249999999999 0.749375 0.06373579545454533 0.07123579545454528
03 0.76625 0.09 0.029969512195122006 0.05996951219512194
12 0.428125 0.275625 0.05123214285714284 0.08373214285714284
