10 0.4375 0.828125 0.022483552631578863 0.021233552631579
18 0.59 0.3525 0.017491610738255003 0.01999161073825506
18 0.860625 0.8512500000000001 0.01370689655172408 0.01745689655172422
02 0.751875 0.5 0.07624444444444434 0.0374944444444445
13 0.17187797619047618 0.260625 0.02624404761904761 0.04373809523809524
12 0.6799999999999999 0.9299999999999999 0.03749297752808978 0.04249297752808989
00 0.06937499999999999 0.43000000000000005 0.026245098039215695 0.02499509803921568
03 0.8925000000000001 0.644375 0.04245689655172413 0.026206896551724146
12 0.20375 0.13375 0.03747844827586208 0.044978448275862074
14 0.31125 0.813125 0.017386363636363644 0.013636363636363669
03 0.666875 0.583125 0.04623579545454537 0.051235795454545485
