03 0.06625 0.113125 0.027483552631578957 0.018733552631578942
03 0.54 0.938125 0.017491610738255114 0.018741610738254977
14 0.348125 0.4525 0.013706896551724135 0.03745689655172413
10 0.8768750000000001 0.19875 0.021244444444444288 0.022494444444444428
15 0.08875 0.41375 0.06748809523809524 0.037488095238095265
15 0.8525 0.37687499999999996 0.014992977528089813 0.021242977528089846
10 0.04125 0.35375 0.017495098039215687 0.014995098039215726
06 0.56375 0.5575 0.01745689655172411 0.019956896551724057
04 0.364375 0.401875 0.02372844827586207 0.021228448275862066
02 0.6668750000000001 0.6299715909090909 0.026136363636363735 0.03744318181818196
03 0.5325 0.22312500000000002 0.01498579545454548 0.016235795454545482
14 0.534375 0.29125 0.02121951219512197 0.03746951219512196
12 0.506875 0.44437499999999996 0.04623214285714278 0.04373214285714283
