06 0.153125 0.33499999999999996 0.023733552631578947 0.02998355263157887
12 0.084375 0.6387499999999999 0.02874161073825504 0.034991610738254963
12 0.16062500000000002 0.5449999999999999 0.031206896551724123 0.039956896551724186
08 0.8731249999999999 0.803125 0.03874444444444436 0.04124444444444442
07 0.659375 0.385625 0.08123809523809522 0.03623809523809529
14 0.139375 0.05375 0.0362429775280899 0.02249297752808989
05 0.1525 0.29500000000000004 0.03499509803921569 0.02499509803921568
08 0.8700000000000001 0.476875 0.032456896551724124 0.026206896551724146
03 0.80375 0.8512500000000001 0.024978448275862264 0.05247844827586212
10 0.16312500000000002 0.43500000000000005 0.02363636363636365 0.024886363636363595
19 0.0175 0.428125 0.024985795454545455 0.028735795454545465
06 0.3500076219512195 0.034374999999999996 0.079984756097561 0.026219512195121947
