04 0.024375 0.6475 0.03623355263157895 0.037483552631578876
14 0.733125 0.600625 0.026241610738254928 0.05124161073825506
03 0.0675 0.036250000000000004 0.042456896551724146 0.05995689655172415
04 0.040624999999999994 0.98125 0.031244444444444443 0.027494444444444377
18 0.625625 0.278125 0.023738095238095225 0.026238095238095283
18 0.7906249999999999 0.42374999999999996 0.023742977528089848 0.027492977528089824
03 0.680625 0.74625 0.038745098039215664 0.08749509803921574
04 0.033125 0.9675 0.028706896551724145 0.024956896551724173
06 0.30062500000000003 0.5843750000000001 0.04372844827586203 0.02372844827586207
07 0.39749999999999996 0.266875 0.04988636363636362 0.09113636363636365
