13 0.024375 0.661875 0.023733552631578947 0.06623355263157893
15 0.58125 0.110625 0.022491610738255008 0.02124161073825505
20 0.88 0.43562500000000004 0.01745689655172411 0.01870689655172414
14 0.931875 0.424375 0.02874444444444435 0.02124444444444451
07 0.790625 0.22250000000000003 0.006238095238095154 0.08998809523809528
09 0.734375 0.136875 0.02124297752808979 0.028742977528089894
12 0.07375000000000001 0.708125 0.029995098039215698 0.03374509803921577
10 0.23249999999999998 0.109375 0.017456896551724138 0.01870689655172414
03 0.40312499999999996 0.71 0.031228448275862075 0.02747844827586221
04 0.6975 0.9512499999999999 0.022386363636363704 0.0173863636363637
04 0.42374999999999996 0.763125 0.02998579545454544 0.02873579545454541
04 0.5800000000000001 0.7806249999999999 0.022469512195122054 0.016219512195121966
