03 0.22312500000000002 0.33375 0.02873355263157898 0.019983552631578916
10 0.07187500000000001 0.97 0.031241610738255043 0.02999161073825496
06 0.569385775862069 0.20873922413793103 0.04122844827586203 0.05997844827586207
11 0.604375 0.78125 0.02874444444444446 0.02499444444444432
05 0.251875 0.9025 0.031238095238095287 0.027488095238095145
03 0.41000000000000003 0.479375 0.02249297752808982 0.02624297752808985
18 0.6725 0.6212500000000001 0.017495098039215673 0.01999509803921573
10 0.8725 0.164375 0.019956896551724168 0.01870689655172414
14 0.6187499999999999 0.895 0.032478448275862104 0.0174784482758622
15 0.5619034090909091 0.384375 0.02119318181818186 0.03363636363636363
14 0.411875 0.585625 0.026235795454545463 0.031235795454545467
