10 0.8687499999999999 0.911875 0.039983552631578934 0.043733552631578965
09 0.0475 0.435 0.027491610738255026 0.05499161073825509
10 0.485 0.013114224137931034 0.03745689655172413 0.026228448275862067
13 0.28500000000000003 0.708125 0.052494444444444455 0.11374444444444443
03 0.073125 0.179375 0.05373809523809524 0.04373809523809524
11 0.8768750000000001 0.48062499999999997 0.05124297752808993 0.05624297752808988
19 0.8162499999999999 0.52875 0.042495098039215695 0.06499509803921566
01 0.7475 0.1275 0.03745689655172413 0.02995689655172412
18 0.16 0.94875 0.03247844827586205 0.03497844827586216
08 0.2575 0.085625 0.05238636363636365 0.031136363636363643
10 0.039999999999999994 0.586875 0.032485795454545455 0.03873579545454542
20 0.09625 0.745625 0.03496951219512194 0.026219512195121975
20 0.879375 0.7475 0.03123214285714282 0.02498214285714273
04 0.528125 0.5 0.06373749999999995 0.03748750000000006
