03 0.683125 0.22812500000000002 0.02123355263157889 0.016233552631578968
07 0.43125 0.4525 0.009991610738255052 0.07249161073825505
15 0.9331142241379311 0.62 0.036228448275862024 0.03495689655172418
03 0.139375 0.18937500000000002 0.018744444444444452 0.021244444444444427
03 0.27625 0.44937499999999997 0.037488095238095265 0.018738095238095276
18 0.7325 0.71 0.01749297752808987 0.019992977528089817
08 0.586875 0.783125 0.018745098039215757 0.038745098039215664
03 0.9068750000000001 0.05375 0.043706896551724106 0.03745689655172414
14 0.6625 0.3225 0.01997844827586226 0.039978448275862055
03 0.373125 0.016874999999999998 0.043636363636363584 0.023636363636363632
06 0.176875 0.22687144886363636 0.08373579545454546 0.02624289772727273
20 0.12875 0.014375 0.014969512195121937 0.013719512195121953
20 0.409375 0.54 0.018732142857142864 0.014982142857142833
