10 0.778125 0.90875 0.1037335526315789 0.03748355263157899
14 0.62375 0.384375 0.074991610738255 0.12124161073825507
03 0.148125 0.58625 0.14870689655172414 0.03745689655172413
08 0.27375 0.29000000000000004 0.049994444444444425 0.052494444444444455
04 0.48375 0.660625 0.0724880952380953 0.0612380952380952
20 0.17875 0.733125 0.07999297752808987 0.06374297752808988
15 0.881875 0.075625 0.0837450980392157 0.056245098039215694
03 0.384375 0.94375 0.06620689655172413 0.02745689655172412
11 0.32625000000000004 0.54375 0.06747844827586208 0.06497844827586208
03 0.20815340909090907 0.811875 0.053693181818181834 0.0386363636363638
03 0.49 0.49312500000000004 0.08998579545454549 0.03373579545454547
06 0.6287499999999999 0.8775 0.25746951219512193 0.07496951219512205
12 0.280625 0.34750000000000003 0.07623214285714286 0.06498214285714282
09 0.6125 0.325625 0.06998749999999998 0.07373750000000001
