03 0.9425 0.209375 0.02498355263157892 0.03873355263157896
03 0.064375 0.7093750000000001 0.03624161073825504 0.046241610738254946
07 0.7368642241379311 0.3825 0.06622844827586205 0.1274568965517241
15 0.566875 0.849375 0.013744444444444559 0.03874444444444436
03 0.48624999999999996 0.286875 0.07498809523809524 0.0462380952380953
04 0.579375 0.85 0.03874297752808986 0.039992977528089835
08 0.28437500000000004 0.609375 0.04624509803921567 0.038745098039215664
03 0.116875 0.15375 0.07370689655172413 0.04745689655172414
06 0.35436961206896556 0.705625 0.028739224137931008 0.04122844827586214
03 0.27625 0.130625 0.10738636363636361 0.09363636363636366
11 0.951875 0.815 0.04623579545454537 0.034985795454545277
03 0.408125 0.090625 0.04621951219512199 0.08121951219512194
20 0.831875 0.77125 0.026232142857142815 0.02748214285714279
