03 0.5799958881578947 0.573125 0.019991776315789522 0.02873355263157884
09 0.6793750000000001 0.040625 0.026241610738254928 0.02874161073825503
15 0.531875 0.72 0.028706896551724093 0.022456896551724115
09 0.890625 0.484375 0.04124444444444442 0.018744444444444452
03 0.01875 0.435 0.03248809523809524 0.0149880952380953
13 0.15499999999999997 0.42562500000000003 0.09749297752808986 0.04624297752808987
03 0.639375 0.766875 0.02624509803921571 0.03374509803921566
12 0.08562499999999999 0.615 0.02120689655172414 0.024956896551724173
00 0.47875 0.9924999999999999 0.019978448275862037 0.014978448275862255
20 0.45125000000000004 0.65375 0.01988636363636359 0.019886363636363646
01 0.411875 0.26625 0.013735795454545452 0.012485795454545479
12 0.5718749999999999 0.228125 0.03621951219512198 0.026219512195121975
