20 0.73875 0.0475 0.014983552631578911 0.01248355263157895
14 0.77 0.77 0.022491610738254897 0.02999161073825496
03 0.056249999999999994 0.360625 0.024956896551724138 0.02620689655172409
18 0.605 0.063125 0.014994444444444532 0.01624444444444445
05 0.275 0.495625 0.012488095238095298 0.023738095238095225
03 0.86 0.8425 0.03749297752808989 0.022492977528089875
03 0.09125 0.476875 0.014995098039215699 0.0162450980392157
05 0.079375 0.064375 0.026206896551724132 0.023706896551724144
10 0.144375 0.6225 0.016228448275862062 0.014978448275862033
00 0.671875 0.640625 0.03113636363636374 0.018636363636363673
