06 0.88125 0.09125 0.027483552631578867 0.03998355263157895
17 0.34125 0.558125 0.022491610738255008 0.023741610738255092
03 0.150625 0.9625 0.016206896551724137 0.02745689655172412
10 0.158125 0.391875 0.011244444444444446 0.011244444444444446
09 0.066875 0.07 0.02123809523809523 0.029988095238095237
03 0.8187500000000001 0.5918749999999999 0.03499297752808983 0.043742977528089866
03 0.8425 0.795625 0.012495098039215669 0.018745098039215646
14 0.190625 0.046875 0.01870689655172411 0.023706896551724144
03 0.08625 0.7518750000000001 0.02997844827586206 0.03872844827586219
15 0.385625 0.263125 0.008636363636363553 0.008636363636363664
15 0.5249999999999999 0.6725 0.004985795454545472 0.017485795454545316
02 0.574375 0.774375 0.02121951219512197 0.03121951219512198
10 0.041874999999999996 0.8612500000000001 0.016232142857142855 0.012482142857142775
