10 0.09 0.6125 0.01748355263157894 0.01748355263157897
03 0.6 0.396875 0.027491610738255012 0.02124161073825509
20 0.42625 0.4425 0.009956896551724104 0.00995689655172416
09 0.8574999999999999 0.29875 0.02499444444444443 0.019994444444444426
06 0.176875 0.49312500000000004 0.018738095238095276 0.046238095238095245
15 0.77875 0.895625 0.012492977528089866 0.008742977528089835
07 0.064375 0.7324999999999999 0.02874509803921569 0.022495098039215677
05 0.009999999999999998 0.5237499999999999 0.009956896551724135 0.02495689655172406
04 0.05 0.18 0.019978448275862065 0.017478448275862063
14 0.746875 0.645 0.02113636363636373 0.022386363636363704
03 0.95375 0.066875 0.019985795454545263 0.016235795454545454
12 0.42625 0.42000000000000004 0.022469512195122 0.022469512195122
