12 0.8125 0.078125 0.037483552631578876 0.04123355263157895
15 0.498125 0.6525 0.031241610738255043 0.069991610738255
07 0.538125 0.6775 0.05120689655172417 0.06495689655172421
14 0.244375 0.5487500000000001 0.013744444444444448 0.05249444444444451
20 0.5925 0.620625 0.019988095238095305 0.016238095238095274
03 0.14375 0.7 0.027492977528089907 0.057492977528089795
18 0.5862499999999999 0.6675 0.022495098039215677 0.024995098039215735
20 0.8968750000000001 0.909375 0.023706896551724088 0.023706896551724088
20 0.91125 0.20375 0.01997844827586226 0.022478448275862067
03 0.7168749999999999 0.09437499999999999 0.036136363636363744 0.05113636363636363
06 0.1825 0.474375 0.007485795454545474 0.05373579545454543
