11 0.573125 0.599375 0.02873355263157884 0.02873355263157884
06 0.43625 0.953125 0.04999161073825503 0.026241610738254817
04 0.905 0.10875 0.03495689655172418 0.032456896551724124
05 0.605625 0.150625 0.036244444444444524 0.018744444444444452
20 0.300625 0.645625 0.01123809523809527 0.0087380952380951
13 0.22 0.443125 0.049992977528089844 0.05624297752808982
03 0.895 0.500625 0.03749509803921569 0.03124509803921577
14 0.46625 0.8975 0.019956896551724168 0.02495689655172406
20 0.43125 0.75625 0.024978448275862097 0.01997844827586226
03 0.470625 0.400625 0.043636363636363584 0.046136363636363587
06 0.155 0.5931249999999999 0.019985795454545485 0.07873579545454545
03 0.08625 0.18875 0.022469512195121943 0.034969512195121955
10 0.790625 0.178125 0.036232142857142824 0.03123214285714282
03 0.881875 0.588125 0.016237500000000016 0.04123750000000004
