14 0.475625 0.3775 0.04123355263157891 0.03498355263157893
15 0.18 0.496875 0.03999161073825505 0.048741610738255114
00 0.20687499999999998 0.33187500000000003 0.03620689655172413 0.023706896551724144
13 0.9475 0.22999999999999998 0.06999444444444436 0.049994444444444425
03 0.605625 0.704375 0.051238095238095305 0.10623809523809513
11 0.7125 0.95125 0.02749297752808988 0.029992977528089826
04 0.5856250000000001 0.73 0.02374509803921565 0.032495098039215686
03 0.224375 0.17125 0.03870689655172413 0.052456896551724114
08 0.4675 0.6825 0.06997844827586208 0.057478448275862126
06 0.19625 0.46372159090909093 0.08238636363636365 0.07994318181818177
10 0.408125 0.8943749999999999 0.026235795454545463 0.023735795454545294
03 0.325625 0.506875 0.011219512195121961 0.03621951219512198
03 0.9825 0.8075 0.02498214285714284 0.0374821428571428
