03 0.69125 0.4325 0.047483552631578885 0.21498355263157887
11 0.18375000000000002 0.725625 0.03999161073825505 0.03624161073825494
04 0.34 0.7637499999999999 0.032456896551724124 0.022456896551724115
15 0.8474999999999999 0.16249999999999998 0.047494444444444395 0.024994444444444458
08 0.651875 0.520625 0.021238095238095056 0.06373809523809526
13 0.0875 0.251875 0.02249297752808989 0.12874297752808986
11 0.258125 0.903125 0.03374509803921566 0.036245098039215606
08 0.073125 0.5406249999999999 0.02620689655172414 0.04120689655172416
08 0.090625 0.091875 0.02372844827586207 0.02372844827586207
06 0.548125 0.40125 0.023636363636363567 0.022386363636363593
