01 0.45 0.485 0.02498355263157892 0.02498355263157892
07 0.11624999999999999 0.8775 0.05749161073825504 0.022491610738255008
14 0.85375 0.555625 0.024956896551724173 0.026206896551724146
03 0.9293750000000001 0.858125 0.01874444444444434 0.016244444444444395
07 0.681875 0.49624999999999997 0.011238095238095047 0.03248809523809526
18 0.899375 0.153125 0.016242977528089786 0.01874297752808987
01 0.13125 0.6056250000000001 0.017495098039215687 0.013745098039215642
05 0.12501077586206896 0.45125 0.01997844827586208 0.02745689655172412
04 0.8525 0.6912499999999999 0.02747844827586221 0.01997844827586215
14 0.50625 0.35062499999999996 0.014886363636363587 0.01613636363636356
10 0.93875 0.74375 0.02248579545454532 0.019985795454545263
08 0.71625 0.6712499999999999 0.00746951219512193 0.014969512195121992
08 0.5693794642857144 0.455 0.03374107142857141 0.029982142857142846
12 0.625 0.471875 0.02748750000000011 0.036237500000000034
