00 0.7224999999999999 0.5531250000000001 0.019983552631578916 0.02123355263157889
14 0.701875 0.32125000000000004 0.02374161073825487 0.02499161073825501
04 0.929375 0.30062500000000003 0.016206896551724137 0.01620689655172408
03 0.051875000000000004 0.931875 0.013744444444444441 0.023744444444444346
01 0.081875 0.8943749999999999 0.01373809523809523 0.013738095238095105
10 0.1575 0.13 0.01749297752808987 0.017492977528089884
10 0.181875 0.44375 0.011245098039215695 0.009995098039215666
18 0.528125 0.381875 0.01370689655172408 0.016206896551724137
07 0.33687500000000004 0.044375 0.016228448275862062 0.03122844827586207
14 0.181875 0.690625 0.01613636363636367 0.02113636363636373
06 0.12250355113636363 0.026875000000000003 0.05749289772727273 0.008735795454545458
13 0.7012576219512195 0.69875 0.029984756097561016 0.029969512195122006
03 0.515625 0.693125 0.018732142857142753 0.01373214285714286
20 0.6699999999999999 0.8556250000000001 0.01748749999999999 0.013737500000000069
