12 0.20750000000000002 0.1375 0.03748355263157896 0.037483552631578945
11 0.8456250000000001 0.16125 0.02374161073825498 0.02749161073825504
03 0.666875 0.9668749999999999 0.04120689655172405 0.023706896551724088
14 0.8418749999999999 0.75625 0.021244444444444288 0.04499444444444434
13 0.44500297619047613 0.50625 0.04999404761904763 0.059988095238095285
03 0.08499999999999999 0.56375 0.039992977528089876 0.032492977528089884
09 0.466875 0.7918737745098039 0.04374509803921567 0.046247549019607814
00 0.81375 0.04 0.02745689655172412 0.017456896551724138
12 0.29875 0.495 0.03497844827586205 0.03247844827586205
09 0.296875 0.87125 0.03613636363636363 0.022386363636363704
03 0.721875 0.405625 0.023735795454545294 0.07873579545454545
06 0.2418826219512195 0.38187499999999996 0.02873475609756096 0.011219512195122017
09 0.686875 0.5331250000000001 0.03873214285714277 0.053732142857142784
13 0.823125 0.94375 0.07373750000000001 0.03498749999999995
