08 0.6112500000000001 0.295625 0.01748355263157897 0.013733552631578994
03 0.923125 0.600625 0.01624161073825492 0.021241610738255035
12 0.06875 0.9125 0.02245689655172415 0.02745689655172412
04 0.0775 0.56375 0.019994444444444454 0.01749444444444448
18 0.953125 0.299375 0.013738095238095216 0.016238095238095274
15 0.47875 0.25125000000000003 0.019992977528089817 0.03999297752808986
04 0.403125 0.43875 0.021245098039215704 0.01749509803921573
06 0.50875 0.848125 0.032456896551724124 0.06620689655172418
03 0.559375 0.5875 0.021228448275862122 0.009978448275862029
18 0.966875 0.7 0.011136363636363722 0.014886363636363753
04 0.80875 0.264375 0.01498579545454537 0.01623579545454551
20 0.6312500000000001 0.33687500000000004 0.01746951219512194 0.013719512195121963
