01 0.920625 0.510625 0.013733552631578938 0.016233552631578885
09 0.7124999999999999 0.4093729026845638 0.017491610738254892 0.01874580536912751
03 0.911875 0.744375 0.018706896551724084 0.011206896551724133
03 0.174375 0.129375 0.011244444444444446 0.036244444444444454
20 0.0475 0.40812499999999996 0.014988095238095231 0.013738095238095271
03 0.5325 0.203125 0.02499297752808982 0.018742977528089844
06 0.246875 0.811875 0.018745098039215674 0.008745098039215637
03 0.645 0.41312499999999996 0.01745689655172411 0.03870689655172416
03 0.28375 0.24812499999999998 0.01747844827586209 0.018728448275862036
14 0.144375 0.9225 0.026136363636363624 0.019886363636363757
