06 0.75375 0.594375 0.037483552631578876 0.05873355263157887
13 0.5656229026845638 0.06687499999999999 0.04624580536912759 0.026241610738255025
13 0.17562499999999998 0.45687500000000003 0.043706896551724134 0.03870689655172416
02 0.986875 0.369375 0.016244444444444395 0.026244444444444515
07 0.335625 0.0625 0.026238095238095283 0.00998809523809524
03 0.8206249999999999 0.27749999999999997 0.01374297752808984 0.04249297752808984
14 0.9650000000000001 0.11625 0.022495098039215677 0.019995098039215703
10 0.171875 0.185 0.026206896551724146 0.022456896551724115
18 0.6481250000000001 0.733125 0.011228448275862113 0.01372844827586217
14 0.7574715909090909 0.18874999999999997 0.009943181818181879 0.01488636363636367
05 0.8087500000000001 0.479375 0.009985795454545365 0.026235795454545463
07 0.384375 0.41375 0.038719512195121986 0.039969512195122014
06 0.28500000000000003 0.70375 0.034982142857142795 0.06998214285714277
