15 0.7731250000000001 0.0775 0.09123355263157895 0.02748355263157895
06 0.46499999999999997 0.30062500000000003 0.16749161073825508 0.06374161073825507
07 0.9412499999999999 0.405 0.019956896551724168 0.08245689655172411
20 0.42374999999999996 0.97 0.04999444444444451 0.03499444444444433
03 0.83375 0.095 0.024988095238095198 0.07498809523809524
15 0.020624999999999998 0.321875 0.028742977528089887 0.07124297752808989
04 0.845 0.344375 0.0474950980392157 0.061245098039215684
04 0.30062500000000003 0.77125 0.04620689655172411 0.03495689655172418
00 0.8231250000000001 0.6074999999999999 0.0487284482758622 0.037478448275862
06 0.47062499999999996 0.281875 0.22613636363636352 0.013636363636363669
06 0.9637464488636363 0.560625 0.052492897727272614 0.14623579545454551
08 0.5956250000000001 0.6112500000000001 0.04621951219512199 0.03746951219512196
11 0.7068749999999999 0.27875 0.03873214285714288 0.0424821428571428
