07 0.871875 0.755 0.04623355263157891 0.06998355263157885
05 0.76625 0.24875 0.032491610738254906 0.04499161073825503
03 0.76125 0.75 0.01745689655172411 0.04245689655172402
20 0.820625 0.48875 0.023744444444444346 0.022494444444444484
06 0.289375 0.846875 0.08373809523809528 0.0612380952380952
03 0.09125 0.478125 0.034992977528089886 0.04374297752808981
10 0.333125 0.84625 0.031245098039215713 0.032495098039215686
05 0.05 0.372489224137931 0.022456896551724143 0.04497844827586206
19 0.25187499999999996 0.7268749999999999 0.048728448275862035 0.0487284482758622
01 0.14625 0.563125 0.024886363636363623 0.016136363636363615
