09 0.16312500000000002 0.645625 0.031233552631578954 0.033733552631578956
04 0.754375 0.206875 0.026241610738254928 0.02874161073825504
01 0.645 0.049375 0.01745689655172411 0.016206896551724144
03 0.910625 0.135 0.01874444444444434 0.01749444444444445
03 0.5275000000000001 0.67625 0.027488095238095256 0.037488095238095154
14 0.490625 0.343125 0.02624297752808985 0.03874297752808986
03 0.54625 0.7906249999999999 0.017495098039215673 0.02374509803921565
15 0.44625000000000004 0.840625 0.012456896551724161 0.026206896551724146
03 0.39437500000000003 0.901875 0.02622844827586207 0.021228448275862233
14 0.20124999999999998 0.451875 0.029886363636363683 0.03613636363636358
11 0.328125 0.230625 0.026235795454545463 0.018735795454545456
10 0.281875 0.021875 0.02121951219512197 0.021219512195121953
14 0.905 0.133125 0.012482142857142886 0.03123214285714286
