04 0.566875 0.71875 0.02123355263157889 0.017483552631578858
20 0.078125 0.8975 0.021241610738255035 0.022491610738254897
19 0.938125 0.4475 0.016206896551724137 0.024956896551724117
13 0.67875 0.6074999999999999 0.10499444444444439 0.08999444444444438
14 0.016874999999999998 0.551875 0.013738095238095235 0.01873809523809533
18 0.395625 0.88875 0.016242977528089897 0.01749297752808987
15 0.828125 0.45 0.0162450980392157 0.012495098039215669
03 0.215625 0.075 0.02870689655172412 0.017456896551724138
11 0.175625 0.67875 0.021228448275862066 0.01997844827586215
01 0.37375 0.20625 0.017386363636363644 0.017386363636363672
