04 0.9175 0.549375 0.037483552631578876 0.04123355263157891
05 0.6681250000000001 0.446875 0.038741610738254884 0.033741610738255046
15 0.5018750000000001 0.06812499999999999 0.03120689655172415 0.02620689655172414
08 0.859375 0.675 0.016244444444444284 0.05999444444444435
14 0.59375 0.296875 0.019988095238095305 0.026238095238095283
04 0.30125 0.91875 0.03749297752808983 0.029992977528089937
04 0.325 0.170625 0.03749509803921569 0.031245098039215713
03 0.57875 0.37 0.07995689655172411 0.03995689655172413
03 0.05437499999999999 0.6637500000000001 0.03372844827586207 0.029978448275862157
05 0.42874999999999996 0.830625 0.03988636363636361 0.043636363636363806
13 0.093125 0.25687499999999996 0.048735795454545455 0.09623579545454547
03 0.190625 0.38187499999999996 0.023719512195122 0.023719512195121972
18 0.4325 0.51125 0.02498214285714284 0.02748214285714279
11 0.200625 0.24562499999999998 0.036237500000000034 0.036237500000000006
