03 0.485625 0.27249999999999996 0.02373355263157889 0.042483552631578936
08 0.766875 0.01375 0.01624161073825492 0.027491610738255033
01 0.26812499999999995 0.755625 0.00870689655172413 0.011206896551724133
04 0.63625 0.574375 0.01749444444444448 0.016244444444444506
08 0.961875 0.1825 0.013738095238095105 0.02248809523809525
01 0.73125 0.7106250000000001 0.009992977528089919 0.006242977528089777
12 0.6 0.6912499999999999 0.024995098039215735 0.02999509803921574
09 0.915 0.108125 0.03495689655172407 0.03870689655172414
03 0.38187499999999996 0.684375 0.021228448275862066 0.01622844827586223
01 0.31625000000000003 0.58125 0.01238636363636364 0.009886363636363638
05 0.87375 0.9456249999999999 0.01498579545454537 0.023735795454545294
