14 0.776875 0.735625 0.013733552631578938 0.03873355263157885
15 0.40937500000000004 0.160625 0.05374161073825506 0.031241610738255043
03 0.2275 0.33375 0.02745689655172412 0.03745689655172413
15 0.24812499999999998 0.76 0.09624444444444444 0.02499444444444432
02 0.48812500000000003 0.7793749999999999 0.036238095238095236 0.02623809523809506
20 0.41500000000000004 0.176875 0.027492977528089824 0.02624297752808985
03 0.47624999999999995 0.4075 0.03999509803921569 0.06249509803921566
08 0.42562500000000003 0.31625000000000003 0.023706896551724144 0.054956896551724144
01 0.01375 0.829375 0.02497844827586207 0.021228448275862233
20 0.185 0.81625 0.027386363636363653 0.022386363636363704
05 0.89 0.3775 0.019985795454545263 0.03248579545454544
11 0.124375 0.205625 0.03371951219512195 0.016219512195121966
