08 0.050625 0.5237499999999999 0.011233552631578957 0.03248355263157887
10 0.7537499999999999 0.739375 0.024991610738254955 0.018741610738254977
06 0.519989224137931 0.0675 0.042478448275862 0.06745689655172413
14 0.70625 0.885 0.017494444444444368 0.01499444444444431
11 0.41874999999999996 0.16062500000000002 0.024988095238095254 0.018738095238095248
00 0.16312499999999996 0.504375 0.01874297752808987 0.018742977528089844
12 0.02375 0.8049999999999999 0.032495098039215686 0.03499509803921563
06 0.406875 0.8812500000000001 0.07370689655172413 0.012456896551724106
00 0.110625 0.868125 0.028728448275862073 0.026228448275862237
07 0.70875 0.260625 0.02738636363636382 0.021136363636363675
18 0.28312499999999996 0.843125 0.013735795454545452 0.016235795454545343
14 0.77625 0.973125 0.019969512195121997 0.026219512195121975
