18 0.33687500000000004 0.7906249999999999 0.01623355263157894 0.018733552631578942
19 0.46375 0.443125 0.01999161073825506 0.02874161073825504
10 0.489375 0.665625 0.016206896551724137 0.01370689655172419
03 0.4325 0.438125 0.02499444444444454 0.036244444444444524
01 0.5318750000000001 0.8787499999999999 0.016238095238095274 0.014988095238095078
03 0.453125 0.36875 0.018742977528089844 0.049992977528089844
12 0.048125 0.289375 0.026245098039215688 0.028745098039215655
19 0.8574999999999999 0.5506249999999999 0.014956896551724053 0.02120689655172414
20 0.358125 0.73375 0.018728448275862064 0.014978448275862144
11 0.513125 0.356875 0.02113636363636362 0.018636363636363562
14 0.74125 0.521875 0.017485795454545316 0.033735795454545414
06 0.14500000000000002 0.510625 0.047469512195121966 0.008719512195122014
