06 0.291875 0.895 0.07123355263157893 0.08748355263157892
14 0.9299999999999999 0.275625 0.01999161073825484 0.04624161073825506
20 0.9612499999999999 0.930625 0.022456896551724115 0.016206896551724137
03 0.299375 0.8574999999999999 0.018744444444444452 0.04249444444444428
14 0.9450000000000001 0.440625 0.054988095238095114 0.031238095238095287
11 0.28 0.506875 0.03749297752808983 0.038742977528089806
19 0.193125 0.8887499999999999 0.028745098039215683 0.04499509803921564
20 0.065625 0.780625 0.026206896551724146 0.018706896551724084
04 0.721875 0.8674999999999999 0.036228448275862246 0.029978448275862157
04 0.7437499999999999 0.676875 0.03488636363636377 0.033636363636363686
03 0.610625 0.605 0.018735795454545512 0.03248579545454544
