06 0.779375 0.7493749999999999 0.10873355263157891 0.031233552631578898
14 0.33375 0.113125 0.034991610738255075 0.04624161073825506
06 0.675 0.06874999999999999 0.09495689655172412 0.044956896551724135
08 0.65875 0.428125 0.03249444444444427 0.0762444444444445
07 0.36875 0.5743750000000001 0.05748809523809523 0.06873809523809526
03 0.895625 0.49250000000000005 0.10124297752808986 0.10249297752808989
14 0.7906249999999999 0.065 0.05124509803921573 0.02999509803921569
03 0.44 0.5137499999999999 0.024956896551724173 0.09495689655172412
09 0.41500000000000004 0.406875 0.05747844827586207 0.06872844827586205
03 0.910625 0.9275 0.033636363636363686 0.039886363636363775
02 0.8125 0.209375 0.04248579545454523 0.03373579545454547
