03 0.928125 0.07437088815789474 0.013733552631578938 0.031241776315789477
05 0.96375 0.933125 0.012491610738254888 0.031241610738254932
06 0.740625 0.544375 0.06620689655172418 0.04120689655172416
09 0.39625 0.11875 0.0399944444444445 0.014994444444444463
07 0.6812499999999999 0.07 0.012488095238095132 0.05498809523809524
15 0.963125 0.730625 0.03374297752808986 0.04874297752808987
06 0.545625 0.599375 0.05124509803921573 0.013745098039215753
08 0.20875 0.55 0.032456896551724124 0.029956896551724177
09 0.15187499999999998 0.130625 0.03622844827586205 0.033728448275862064
07 0.525 0.843125 0.03988636363636355 0.018636363636363784
14 0.013125000000000001 0.41125 0.013735795454545455 0.0399857954545455
13 0.0475 0.6925 0.08746951219512195 0.07246951219512199
14 0.504375 0.9806250000000001 0.036232142857142824 0.03123214285714282
03 0.670625 0.40437500000000004 0.02123750000000002 0.0662375
