20 0.54625 0.045 0.037483552631578876 0.03498355263157895
05 0.33250209731543623 0.30125 0.044995805369127506 0.03249161073825507
08 0.15187499999999998 0.83125 0.043706896551724134 0.02745689655172412
13 0.09125 0.85 0.04249444444444446 0.11999444444444429
11 0.6875 0.460625 0.037488095238095154 0.026238095238095283
06 0.134375 0.8356250000000001 0.00874297752808989 0.06124297752808994
03 0.518125 0.35875 0.026245098039215597 0.02499509803921568
08 0.989375 0.39875 0.018706896551724084 0.012456896551724106
14 0.330625 0.19 0.04622844827586203 0.04747844827586206
19 0.694375 0.641875 0.03113636363636374 0.02113636363636362
03 0.170625 0.735625 0.051235795454545485 0.041235795454545365
03 0.954375 0.24375 0.03121951219512198 0.024969512195121946
01 0.458125 0.684375 0.02123214285714281 0.018732142857142864
