03 0.844375 0.404375 0.03873355263157885 0.0362335526315789
07 0.9437479026845637 0.49375 0.044995805369127395 0.019991610738255006
03 0.10999999999999999 0.406875 0.039956896551724116 0.02120689655172414
08 0.066875 0.803125 0.05874444444444445 0.04124444444444442
20 0.06687499999999999 0.768125 0.018738095238095234 0.01623809523809505
06 0.925 0.9475 0.039992977528089835 0.07999297752808987
03 0.141875 0.8518749999999999 0.013745098039215697 0.03374509803921566
02 0.67875 0.8375 0.05245689655172414 0.03745689655172413
04 0.246875 0.600625 0.03872844827586208 0.03372844827586208
03 0.674375 0.9256249999999999 0.05863636363636371 0.0486363636363637
20 0.7324999999999999 0.94875 0.03248579545454533 0.027485795454545325
15 0.655625 0.18000000000000002 0.018719512195122023 0.04496951219512196
07 0.311875 0.7281249999999999 0.036232142857142824 0.0737321428571428
03 0.029371875000000002 0.816875 0.008743750000000002 0.03873749999999998
