20 0.791875 0.12687500000000002 0.083733552631579 0.07623355263157895
07 0.50375 0.200625 0.019991610738255006 0.11374161073825506
04 0.858125 0.9099999999999999 0.05870689655172412 0.05495689655172409
04 0.05 0.83125 0.07249444444444444 0.06999444444444436
02 0.345 0.25625 0.08998809523809531 0.07248809523809527
03 0.2625 0.6187499999999999 0.04999297752808987 0.05499297752808985
18 0.7381249999999999 0.625625 0.05124509803921573 0.05124509803921562
15 0.5625 0.703125 0.11995689655172415 0.09120689655172409
10 0.500625 0.144375 0.061228448275862046 0.03872844827586208
18 0.8775 0.52125 0.05238636363636384 0.05488636363636362
20 0.4175 0.62125 0.08498579545454549 0.08248579545454549
