03 0.164375 0.594375 0.01873355263157897 0.026233552631578894
11 0.441875 0.5125 0.021241610738255035 0.027491610738255123
13 0.62375 0.236875 0.024956896551724173 0.06120689655172415
06 0.754375 0.920625 0.05874444444444438 0.01124444444444439
06 0.344375 0.79375 0.006238095238095265 0.062488095238095176
06 0.8125017556179776 0.73625 0.02749648876404498 0.06999297752808986
08 0.734375 0.674375 0.021245098039215593 0.026245098039215597
06 0.49375 0.58875 0.04245689655172408 0.04495689655172419
14 0.22749999999999998 0.705625 0.01497844827586206 0.011228448275862113
06 0.086875 0.3875 0.003636363636363632 0.06238636363636363
10 0.34187500000000004 0.19374999999999998 0.02373579545454546 0.019985795454545457
04 0.6056250000000001 0.326875 0.023719512195122028 0.018719512195121968
03 0.476875 0.5325 0.02123214285714281 0.03248214285714279
08 0.5587500000000001 0.128125 0.014987500000000042 0.021237500000000006
