03 0.7625 0.975625 0.019983552631578916 0.031233552631578898
08 0.495 0.9156249999999999 0.019991610738255006 0.046241610738254946
06 0.29500000000000004 0.026249999999999996 0.014956896551724108 0.029956896551724132
04 0.640625 0.44625 0.018744444444444452 0.022494444444444484
09 0.10375000000000001 0.79625 0.02498809523809524 0.019988095238095083
00 0.42125 0.899375 0.02749297752808988 0.026242977528089795
03 0.811875 0.023125 0.06874509803921569 0.01624509803921569
03 0.500625 0.951239224137931 0.028706896551724093 0.014978448275862033
00 0.329375 0.27125 0.02622844827586207 0.024978448275862042
04 0.334375 0.27249999999999996 0.02613636363636357 0.017386363636363644
14 0.625 0.66875 0.01748579545454554 0.04748579545454534
06 0.558125 0.443125 0.03121951219512198 0.011219512195121961
06 0.335625 0.87 0.036232142857142824 0.06748214285714282
03 0.5437468750000001 0.924375 0.014993750000000028 0.026237500000000025
