03 0.931875 0.3275 0.026233552631578894 0.0649835526315789
18 0.9237500000000001 0.6425 0.01999161073825484 0.022491610738254897
03 0.52625 0.0625 0.019956896551724057 0.022456896551724143
03 0.426875 0.303125 0.018744444444444452 0.04124444444444447
10 0.53125 0.4675 0.024988095238095198 0.01998809523809525
08 0.475 0.5387500000000001 0.05249297752808979 0.04499297752808984
08 0.6224987745098038 0.650625 0.024997549019607823 0.02624509803921571
17 0.750625 0.36625 0.0387068965517241 0.03745689655172413
07 0.4543803879310345 0.075625 0.04373922413793102 0.10622844827586207
06 0.263125 0.45375 0.08613636363636368 0.022386363636363593
06 0.49187499999999995 0.91125 0.05123579545454543 0.08248579545454526
