03 0.08625 0.51 0.04498355263157894 0.10748355263157894
01 0.52125 0.2575 0.04999161073825498 0.03749161073825505
16 0.713125 0.860625 0.053706896551724115 0.08620689655172409
06 0.3943763888888889 0.6243749999999999 0.09124722222222226 0.11624444444444448
08 0.786875 0.88625 0.05123809523809508 0.052488095238095056
14 0.8968750000000001 0.48375 0.03374297752808986 0.11249297752808984
02 0.28812499999999996 0.7475 0.03624509803921566 0.052495098039215704
14 0.13624999999999998 0.71625 0.06745689655172413 0.08245689655172417
13 0.12375 0.4825 0.09497844827586205 0.05497844827586207
07 0.44437499999999996 0.9199999999999999 0.056136363636363595 0.05488636363636379
