16 0.535625 0.881875 0.031233552631578898 0.051233552631578916
03 0.8262499999999999 0.85625 0.004991610738254937 0.03749161073825491
08 0.22062500000000002 0.32437499999999997 0.01870689655172411 0.02620689655172409
08 0.50125 0.6925 0.02249444444444454 0.02499444444444432
03 0.043125 0.5406249999999999 0.028738095238095236 0.026238095238095283
04 0.231875 0.75 0.028742977528089853 0.02749297752808988
20 0.236875 0.34750000000000003 0.02624509803921571 0.022495098039215733
04 0.6100000000000001 0.205625 0.032456896551724124 0.026206896551724146
06 0.9606250000000001 0.041249999999999995 0.026228448275862237 0.029978448275862067
10 0.54125 0.315625 0.019886363636363535 0.016136363636363615
03 0.788125 0.7825 0.023735795454545294 0.07998579545454532
04 0.22 0.194375 0.034969512195121955 0.03621951219512198
08 0.020625 0.413125 0.031232142857142858 0.036232142857142824
