13 0.154375 0.8318749999999999 0.08373355263157896 0.14373355263157894
00 0.206875 0.67625 0.02874161073825504 0.01999161073825495
10 0.9125 0.94 0.02745689655172412 0.019956896551724168
03 0.7068749999999999 0.016875 0.02874444444444435 0.023744444444444443
18 0.27937500000000004 0.53625 0.02373809523809528 0.024988095238095198
14 0.8625 0.4925 0.03749297752808978 0.03499297752808983
05 0.703125 0.221875 0.031245098039215602 0.02624509803921568
06 0.683125 0.8162499999999999 0.01370689655172419 0.08245689655172417
06 0.11 0.210625 0.08997844827586207 0.01372844827586206
03 0.24874999999999997 0.070625 0.05488636363636365 0.03863636363636363
20 0.495625 0.504375 0.038735795454545474 0.031235795454545467
12 0.584375 0.430625 0.03871951219512204 0.04121951219512199
