03 0.5075041118421053 0.875625 0.02249177631578947 0.02873355263157884
18 0.06125 0.38375 0.01749161073825503 0.01999161073825506
12 0.859375 0.549375 0.03120689655172404 0.0337068965517241
18 0.198125 0.45125000000000004 0.016244444444444422 0.01999444444444448
13 0.30562500000000004 0.723125 0.08623809523809528 0.0662380952380951
18 0.07500000000000001 0.7075 0.017492977528089884 0.019992977528089817
05 0.7749999999999999 0.801875 0.032495098039215686 0.03624509803921572
03 0.108125 0.651875 0.016206896551724137 0.04870689655172411
03 0.14 0.26125 0.02497844827586207 0.032478448275862076
12 0.533125 0.28812499999999996 0.03863636363636358 0.0461363636363637
