13 0.21499999999999997 0.87 0.09998355263157896 0.07998355263157886
05 0.951875 0.406875 0.056241610738254955 0.023741610738255037
13 0.450625 0.186875 0.05870689655172412 0.08620689655172412
03 0.348125 0.825625 0.028744444444444517 0.06874444444444439
00 0.35562499999999997 0.40375 0.03373809523809529 0.03498809523809532
11 0.340625 0.188125 0.053742977528089875 0.041242977528089836
14 0.739375 0.253125 0.04374509803921578 0.05374509803921568
03 0.104375 0.47 0.04120689655172413 0.027456896551724175
14 0.41312499999999996 0.793125 0.04372844827586203 0.04122844827586225
03 0.8043750000000001 0.453125 0.04613636363636375 0.07113636363636355
03 0.155 0.849375 0.04498579545454545 0.033735795454545414
07 0.0775 0.868125 0.024969512195121946 0.04621951219512199
