03 0.6000000000000001 0.703125 0.019983552631578916 0.03123355263157901
04 0.8300000000000001 0.605 0.024991610738254955 0.02249161073825512
20 0.6825 0.31625000000000003 0.01745689655172411 0.014956896551724108
10 0.42874999999999996 0.734375 0.01249444444444453 0.016244444444444284
07 0.685 0.06 0.019988095238095194 0.027488095238095228
09 0.18 0.465625 0.012492977528089866 0.043742977528089866
10 0.920625 0.6325000000000001 0.013745098039215642 0.012495098039215669
04 0.92125 0.4675 0.024956896551724173 0.027456896551724175
12 0.7050000000000001 0.63625 0.02747844827586221 0.024978448275862042
06 0.365625 0.909375 0.018636363636363618 0.05613636363636376
15 0.71375 0.611875 0.029985795454545272 0.026235795454545463
