07 0.8056291118421053 0.02 0.021241776315789496 0.01748355263157895
04 0.84375 0.254375 0.022491610738254897 0.023741610738255037
03 0.019375 0.36312500000000003 0.016206896551724137 0.021206896551724086
14 0.31875000000000003 0.035625 0.022494444444444484 0.02374444444444444
04 0.7831250000000001 0.451875 0.023738095238095114 0.018738095238095276
10 0.21500000000000002 0.47 0.022492977528089847 0.02249297752808982
20 0.823125 0.0875 0.018745098039215646 0.012495098039215682
03 0.66625 0.473125 0.019956896551724057 0.031206896551724095
13 0.33999999999999997 0.453125 0.07497844827586203 0.0637284482758621
14 0.698125 0.628125 0.011136363636363722 0.023636363636363567
01 0.44125000000000003 0.171875 0.022485795454545487 0.016235795454545454
08 0.87625 0.179375 0.029969512195122006 0.011219512195121989
