08 0.06562911184210526 0.45125000000000004 0.006241776315789482 0.017483552631578914
18 0.5375 0.7975 0.01249161073825511 0.014991610738254835
03 0.024375 0.5325 0.023706896551724137 0.03495689655172418
19 0.140625 0.91 0.02624444444444446 0.01499444444444431
03 0.02937797619047619 0.7931250000000001 0.016244047619047616 0.023738095238095114
04 0.085625 0.8087500000000001 0.02374297752808989 0.022492977528089875
03 0.414375 0.245625 0.038745098039215664 0.023745098039215706
10 0.56125 0.415625 0.02745689655172412 0.023706896551724144
09 0.111875 0.9918750000000001 0.031228448275862075 0.011228448275862113
04 0.7025 0.59375 0.019886363636363757 0.014886363636363642
14 0.56625 0.44875 0.029985795454545494 0.03498579545454544
03 0.649375 0.49750000000000005 0.04121951219512199 0.03246951219512201
