18 0.31875 0.9762500000000001 0.027483552631578978 0.029983552631578925
08 0.638125 0.708125 0.013741610738254972 0.056241610738254844
15 0.318125 0.7581249999999999 0.013706896551724135 0.026206896551724035
08 0.358125 0.244375 0.05374444444444454 0.031244444444444436
14 0.3675 0.924375 0.03248809523809526 0.06373809523809515
13 0.4375 0.56875 0.13249297752808986 0.05249297752808979
14 0.09125 0.82375 0.09999509803921569 0.04499509803921575
08 0.573125 0.36312500000000003 0.01370689655172419 0.07120689655172413
06 0.7324999999999999 0.9031196120689655 0.10747844827586228 0.03123922413793112
03 0.61375 0.608125 0.037386363636363606 0.03863636363636358
