03 0.766875 0.985 0.04623355263157891 0.02498355263157892
04 0.84875 0.16062500000000002 0.03499161073825485 0.026241610738255067
06 0.9568749999999999 0.892489224137931 0.06370689655172412 0.05247844827586212
03 0.85 0.78 0.022494444444444373 0.08749444444444432
09 0.39937500000000004 0.234375 0.036238095238095236 0.05623809523809528
09 0.31 0.5700000000000001 0.049992977528089844 0.057492977528089795
15 0.8775 0.389375 0.03999509803921575 0.02874509803921571
03 0.45875 0.415625 0.024956896551724117 0.03870689655172416
15 0.129375 0.204375 0.03872844827586207 0.03622844827586208
18 0.48 0.625 0.024886363636363595 0.02488636363636365
08 0.499375 0.07125000000000001 0.0162357954545454 0.04748579545454546
