06 0.18125000000000002 0.11749588815789475 0.05748355263157898 0.01999177631578948
03 0.46062499999999995 0.576875 0.023741610738255037 0.018741610738255088
03 0.77 0.06812499999999999 0.022456896551724115 0.03870689655172414
03 0.16499999999999998 0.22562500000000002 0.01749444444444445 0.021244444444444427
14 0.035625000000000004 0.126875 0.013738095238095237 0.03623809523809522
10 0.6975 0.89625 0.019992977528089817 0.01749297752808987
04 0.536875 0.6225 0.028745098039215655 0.027495098039215793
15 0.06125 0.509375 0.017456896551724138 0.018706896551724084
19 0.08374999999999999 0.64 0.034978448275862065 0.03747844827586211
10 0.87875 0.47062499999999996 0.022386363636363704 0.023636363636363622
03 0.12 0.369375 0.022485795454545474 0.02123579545454546
