06 0.70375 0.8712500000000001 0.0049835526315789025 0.06998355263157896
20 0.056249999999999994 0.454375 0.017491610738255024 0.018741610738255032
02 0.7731250000000001 0.674375 0.018706896551724195 0.03120689655172415
15 0.93875 0.215 0.009994444444444306 0.02499444444444443
05 0.97375 0.25125 0.017488095238095136 0.024988095238095254
14 0.30562500000000004 0.198125 0.01624297752808984 0.03624297752808986
18 0.589375 0.20375 0.0162450980392157 0.0174950980392157
07 0.286885775862069 0.059375 0.02622844827586207 0.033706896551724146
13 0.890625 0.135 0.03122844827586224 0.03997844827586207
06 0.918125 0.41875 0.008636363636363775 0.06988636363636358
05 0.548125 0.694375 0.02123579545454546 0.013735795454545285
06 0.073125 0.348125 0.01371951219512195 0.016219512195121966
04 0.40812499999999996 0.0925 0.01623214285714286 0.012482142857142858
10 0.061875 0.448125 0.021237499999999992 0.023737499999999967
