01 0.239375 0.145625 0.01873355263157897 0.013733552631578938
01 0.081875 0.5543750000000001 0.01124161073825504 0.013741610738254972
12 0.690625 0.35062499999999996 0.026206896551724146 0.028706896551724148
06 0.75 0.1975 0.022494444444444373 0.02499444444444443
06 0.3 0.67625 0.007488095238095238 0.024988095238095198
06 0.99 0.8825000000000001 0.004992977528089915 0.01749297752808976
05 0.7775000000000001 0.125625 0.012495098039215669 0.028745098039215683
15 0.6699999999999999 0.74125 0.012456896551724106 0.019956896551724168
11 0.48375 0.57375 0.01747844827586209 0.01747844827586209
04 0.1075 0.924375 0.01238636363636364 0.018636363636363673
03 0.345 0.395 0.022485795454545487 0.027485795454545492
03 0.7737499999999999 0.9075 0.022469512195122054 0.01746951219512194
06 0.8518749999999999 0.0475 0.018732142857142864 0.054982142857142854
08 0.9724999999999999 0.26 0.039987499999999954 0.014987500000000042
