04 0.19125 0.636875 0.01748355263157897 0.016233552631578885
14 0.365625 0.655 0.031241610738255043 0.012491610738254888
00 0.384375 0.263125 0.023706896551724144 0.023706896551724088
08 0.436875 0.9812486111111112 0.013744444444444504 0.027497222222222173
09 0.5956250000000001 0.829375 0.033738095238095345 0.01873809523809511
01 0.583125 0.191875 0.028742977528089853 0.031242977528089855
06 0.168125 0.56875 0.018745098039215702 0.017495098039215673
18 0.37 0.25375000000000003 0.012456896551724106 0.014956896551724108
20 0.5549999999999999 0.129375 0.012478448275862086 0.011228448275862057
19 0.766875 0.9624999999999999 0.008636363636363775 0.014886363636363753
