18 0.354375 0.9762500000000001 0.028733552631578896 0.03248355263157887
20 0.2475 0.85125 0.03249161073825502 0.022491610738254897
04 0.870625 0.7268749999999999 0.04120689655172416 0.0337068965517241
08 0.064375 0.395 0.05374444444444445 0.07249444444444447
15 0.7 0.919375 0.012488095238095132 0.02623809523809506
14 0.606875 0.5800000000000001 0.043742977528089866 0.022492977528089875
14 0.625625 0.5449999999999999 0.023745098039215762 0.024995098039215624
03 0.1775 0.35375 0.05745689655172412 0.02995689655172412
01 0.45375 0.7887500000000001 0.01747844827586209 0.014978448275862255
03 0.433125 0.5487500000000001 0.023636363636363622 0.02488636363636354
07 0.743125 0.9425 0.0337357954545453 0.037485795454545334
03 0.27875 0.768125 0.06246951219512198 0.04621951219512199
03 0.979375 0.734375 0.02873214285714276 0.04623214285714283
