14 0.7493749999999999 0.474375 0.031233552631578898 0.04373355263157891
09 0.43125 0.384375 0.04499161073825503 0.013741610738255028
13 0.33499999999999996 0.75 0.08245689655172411 0.0549568965517242
02 0.8025 0.25875 0.017494444444444368 0.029994444444444407
05 0.92 0.291875 0.027488095238095145 0.02873809523809523
20 0.6443749999999999 0.255 0.0212429775280899 0.022492977528089875
03 0.6893750000000001 0.26125 0.028745098039215766 0.027495098039215682
03 0.90375 0.1325 0.01745689655172422 0.029956896551724135
10 0.156875 0.045 0.02122844827586204 0.014978448275862068
04 0.8600000000000001 0.35 0.024886363636363762 0.0323863636363636
07 0.148125 0.968125 0.01373579545454548 0.04623579545454537
05 0.041249999999999995 0.853125 0.03246951219512195 0.033719512195121926
