12 0.14875 0.78 0.19498355263157896 0.1874835526315789
03 0.5675 0.840625 0.05749161073825504 0.1312416107382549
07 0.7075 0.144375 0.07995689655172411 0.17370689655172414
00 0.27 0.1475 0.07249444444444444 0.06999444444444443
10 0.964375 0.92125 0.06373809523809515 0.04748809523809516
20 0.818125 0.671875 0.08624297752808985 0.053742977528089764
18 0.489375 0.38125 0.056245098039215735 0.05749509803921565
08 0.15999999999999998 0.110625 0.06495689655172412 0.13620689655172413
08 0.579375 0.7406250000000001 0.09872844827586202 0.15372844827586218
14 0.18875 0.05625 0.13238636363636364 0.06988636363636364
00 0.9143749999999999 0.405625 0.051235795454545374 0.051235795454545485
06 0.3675 0.42874999999999996 0.07746951219512199 0.024969512195121946
03 0.6699999999999999 0.36312500000000003 0.2624821428571428 0.25123214285714285
07 0.9125 0.6168750000000001 0.14498750000000005 0.061237499999999945
