01 0.62375 0.31375 0.022483552631578863 0.019983552631578916
14 0.051875000000000004 0.9781249999999999 0.018741610738255025 0.026241610738254928
03 0.6581250000000001 0.5762499999999999 0.023706896551724088 0.02495689655172406
11 0.06125 0.7581249999999999 0.03249444444444444 0.031244444444444297
03 0.925 0.761875 0.05748809523809506 0.01873809523809511
05 0.051875000000000004 0.915 0.028742977528089887 0.029992977528089826
08 0.56 0.414375 0.022495098039215677 0.038745098039215664
06 0.23125 0.22375 0.0399568965517241 0.03745689655172413
06 0.223125 0.478125 0.02372844827586207 0.02622844827586207
08 0.34125 0.5249999999999999 0.009886363636363638 0.0323863636363636
20 0.5518749999999999 0.04875 0.026235795454545463 0.01748579545454545
