20 0.16562500000000002 0.27375 0.021233552631578972 0.01748355263157897
08 0.794375 0.6825 0.026241610738254928 0.06499161073825488
05 0.06874999999999999 0.9524999999999999 0.044956896551724135 0.04245689655172413
08 0.798125 0.07125000000000001 0.033744444444444355 0.06999444444444444
18 0.329375 0.919375 0.021238095238095223 0.023738095238095114
14 0.694375 0.95 0.028742977528089853 0.019992977528089928
06 0.7281262254901961 0.268125 0.07624754901960784 0.11874509803921571
08 0.723125 0.43937499999999996 0.06870689655172413 0.0362068965517241
06 0.18625 0.166875 0.029978448275862046 0.02372844827586207
14 0.535 0.846875 0.04988636363636356 0.0336363636363638
