04 0.32875 0.675625 0.029983552631578925 0.023733552631578947
16 0.361875 0.039375 0.03624161073825505 0.036241610738255034
06 0.5025 0.30625 0.0749568965517241 0.06495689655172415
15 0.1956236111111111 0.42062361111111113 0.013747222222222216 0.011247222222222242
01 0.28625 0.12125 0.017488095238095247 0.014988095238095231
04 0.65875 0.16562499999999997 0.027492977528089768 0.021242977528089874
18 0.7124999999999999 0.828125 0.01999509803921573 0.023745098039215762
03 0.371875 0.421875 0.036206896551724155 0.026206896551724146
10 0.53375 0.9768749999999999 0.024978448275862042 0.021228448275862122
06 0.735625 0.655625 0.033636363636363686 0.013636363636363669
03 0.401875 0.2825 0.11373579545454549 0.07748579545454545
