03 0.775625 0.7268749999999999 0.031233552631578898 0.05373355263157886
06 0.90125 0.4406229026845638 0.052491610738254924 0.09624580536912752
03 0.8518749999999999 0.85375 0.03120689655172415 0.05245689655172414
05 0.41000000000000003 0.18 0.0399944444444445 0.019994444444444426
06 0.1225 0.43125 0.054988095238095225 0.08248809523809525
05 0.8318749999999999 0.828125 0.036242977528089804 0.028742977528089853
20 0.40125 0.67125 0.029995098039215684 0.02999509803921563
03 0.6893750000000001 0.22875 0.023706896551724088 0.012456896551724134
03 0.720625 0.5331250000000001 0.0437284482758622 0.01372844827586206
03 0.115 0.27625 0.04238636363636364 0.02488636363636365
09 0.250625 0.5037499999999999 0.026235795454545463 0.027485795454545436
13 0.655625 0.651875 0.1387195121951219 0.10871951219512199
18 0.886875 0.918125 0.02373214285714287 0.026232142857142815
