15 0.79 0.204375 0.05248355263157889 0.02873355263157895
10 0.53125 0.81 0.04499161073825508 0.03999161073825486
04 0.2475 0.8887499999999999 0.03995689655172416 0.029956896551724177
07 0.395625 0.42874999999999996 0.05624444444444454 0.06749444444444447
03 0.22062500000000002 0.605625 0.016238095238095246 0.041238095238095296
15 0.433125 0.536875 0.03874297752808986 0.018742977528089844
10 0.96625 0.2825 0.032495098039215686 0.03249509803921574
15 0.433125 0.5325 0.026206896551724146 0.05995689655172409
15 0.09937499999999999 0.659375 0.023728448275862055 0.028728448275862184
19 0.661875 0.7437499999999999 0.026136363636363735 0.04488636363636378
09 0.60625 0.84625 0.03998579545454539 0.029985795454545383
03 0.7306250000000001 0.070625 0.023719512195122028 0.04621951219512195
