03 0.263125 0.815 0.03123355263157898 0.0624835526315789
03 0.0575 0.363125 0.02999161073825503 0.04124161073825505
04 0.034375 0.45375 0.03370689655172414 0.034956896551724126
07 0.25875 0.5774999999999999 0.04499444444444442 0.022494444444444484
14 0.50375 0.72375 0.04498809523809527 0.037488095238095154
12 0.77875 0.759375 0.039992977528089946 0.08374297752808979
03 0.5175000000000001 0.020000000000000004 0.01999509803921573 0.02249509803921569
07 0.23249999999999998 0.6525000000000001 0.012456896551724134 0.07245689655172416
03 0.7718750000000001 0.445625 0.03872844827586219 0.03372844827586208
05 0.29874999999999996 0.396875 0.03238636363636366 0.02613636363636357
