00 0.25125 0.675625 0.014983552631578967 0.013733552631578938
03 0.980625 0.22312500000000002 0.013741610738254861 0.013741610738255056
16 0.706875 0.30625 0.016206896551724137 0.02245689655172417
10 0.298125 0.36 0.01624444444444445 0.014994444444444477
01 0.895625 0.14375 0.016238095238095163 0.01748809523809522
16 0.311875 0.34750000000000003 0.01624297752808984 0.02999297752808988
04 0.443125 0.275625 0.0162450980392157 0.0162450980392157
12 0.784375 0.5918749999999999 0.018706896551724195 0.02120689655172414
10 0.864375 0.921875 0.01372844827586217 0.011228448275862224
03 0.264375 0.86625 0.00863636363636372 0.014886363636363753
06 0.58125 0.134375 0.05248579545454546 0.013735795454545452
06 0.16812500000000002 0.60625 0.03121951219512195 0.06996951219512193
