08 0.9374958881578948 0.026875000000000003 0.02249177631578947 0.021233552631578948
15 0.60375 0.585 0.009991610738255052 0.03249161073825502
20 0.5431250000000001 0.6187499999999999 0.02120689655172414 0.019956896551724168
03 0.103125 0.855625 0.013744444444444462 0.023744444444444346
14 0.0825 0.750625 0.03748809523809524 0.02623809523809517
03 0.55375 0.326875 0.022492977528089875 0.028742977528089853
10 0.42125 0.8218749999999999 0.017495098039215673 0.021245098039215704
14 0.5237499999999999 0.036875000000000005 0.019956896551724168 0.023706896551724137
03 0.135625 0.698125 0.02872844827586206 0.028728448275862295
14 0.72875 0.47250000000000003 0.02738636363636382 0.017386363636363644
14 0.249375 0.270625 0.016235795454545482 0.026235795454545463
08 0.03 0.77875 0.03496951219512195 0.01746951219512194
12 0.359375 0.944375 0.028732142857142873 0.03123214285714282
