04 0.3575 0.73375 0.047483552631578885 0.04998355263157883
06 0.76875 0.16125 0.05749161073825493 0.024991610738255066
06 0.14250000000000002 0.618125 0.022456896551724143 0.16120689655172415
06 0.77 0.41500000000000004 0.08499444444444437 0.05999444444444452
14 0.110625 0.878125 0.02873809523809523 0.08123809523809511
03 0.28875 0.05375 0.029992977528089826 0.05499297752808989
01 0.45875 0.22875 0.0474950980392157 0.0474950980392157
20 0.595 0.374375 0.04495689655172408 0.036206896551724155
03 0.18875 0.045 0.05747844827586207 0.05997844827586207
00 0.34875 0.23625000000000002 0.059886363636363626 0.044886363636363696
08 0.82125 0.45125 0.029985795454545383 0.047485795454545454
04 0.908125 0.06375 0.04121951219512199 0.03996951219512194
14 0.635625 0.555625 0.04623214285714283 0.08623214285714287
03 0.9143749999999999 0.218125 0.10123749999999998 0.04373750000000001
