18 0.224375 0.426875 0.01873355263157897 0.02123355263157889
06 0.46375 0.6187499999999999 0.05999161073825504 0.042491610738255026
04 0.408125 0.141875 0.02120689655172414 0.02120689655172414
17 0.68875 0.856875 0.03249444444444438 0.03624444444444441
03 0.753125 0.41625 0.03623809523809507 0.019988095238095305
14 0.67875 0.53375 0.022492977528089875 0.012492977528089866
19 0.7206250000000001 0.950625 0.03374509803921566 0.01624509803921559
14 0.910625 0.18875 0.043706896551724106 0.04245689655172413
03 0.09875 0.839375 0.01497844827586206 0.03122844827586224
08 0.715 0.49312500000000004 0.04238636363636372 0.021136363636363564
07 0.420625 0.27125 0.06623579545454544 0.0349857954545455
