07 0.420625 0.734375 0.05123355263157886 0.05873355263157887
12 0.27875 0.09 0.07499161073825503 0.05249161073825505
08 0.1125 0.729375 0.06245689655172412 0.04370689655172422
03 0.6325 0.55 0.039994444444444444 0.027494444444444488
11 0.701875 0.50625 0.05123809523809508 0.044988095238095216
20 0.901875 0.504375 0.023742977528089848 0.016242977528089897
19 0.1425 0.75875 0.05499509803921569 0.04999509803921576
09 0.250625 0.111875 0.043706896551724106 0.03370689655172411
08 0.198125 0.69875 0.04622844827586206 0.03997844827586228
03 0.48812500000000003 0.548125 0.021136363636363564 0.04613636363636364
03 0.156875 0.915 0.06873579545454547 0.054985795454545294
03 0.638125 0.8525 0.04621951219512199 0.03746951219512196
13 0.596875 0.59 0.06373214285714279 0.21998214285714285
