18 0.575 0.405 0.012483552631578854 0.014983552631578856
01 0.374375 0.690625 0.011241610738255026 0.013741610738254972
01 0.599375 0.16125 0.01370689655172419 0.012456896551724134
10 0.13375 0.026875 0.03249444444444445 0.031244444444444443
14 0.92625 0.079375 0.017488095238095136 0.02873809523809523
09 0.273125 0.658125 0.023742977528089848 0.018742977528089844
04 0.93875 0.225 0.022495098039215677 0.02499509803921568
03 0.080625 0.9768749999999999 0.021206896551724128 0.018706896551724195
13 0.193125 0.88375 0.018728448275862064 0.03747844827586222
03 0.5506249999999999 0.028124999999999997 0.013636363636363558 0.028636363636363637
13 0.7500035511363636 0.860625 0.04499289772727266 0.04373579545454531
