03 0.530625 0.55125 0.0362335526315789 0.04498355263157894
01 0.865625 0.59 0.04124161073825494 0.034991610738255075
03 0.8200000000000001 0.410625 0.032456896551724124 0.08370689655172414
05 0.033125 0.345 0.048744444444444444 0.03249444444444455
01 0.6499999999999999 0.615 0.06498809523809512 0.05748809523809517
18 0.035 0.6675 0.02999297752808989 0.032492977528089884
01 0.72375 0.58375 0.02999509803921563 0.024995098039215735
08 0.5325 0.85 0.04245689655172413 0.057456896551724146
04 0.8025 0.66875 0.05247844827586223 0.04747844827586223
03 0.8106249999999999 0.471875 0.028636363636363682 0.1161363636363636
03 0.17125 0.3375 0.12748579545454547 0.05248579545454546
10 0.035625 0.6699999999999999 0.041219512195121946 0.04496951219512202
