03 0.280625 0.15875 0.013733552631578994 0.02748355263157895
13 0.3575 0.81875 0.052491610738255035 0.04499161073825486
13 0.964375 0.791875 0.05870689655172412 0.026206896551724146
02 0.935 0.9862500000000001 0.029994444444444324 0.02499444444444443
18 0.485625 0.2875 0.018738095238095276 0.01998809523809525
03 0.38375 0.63 0.049992977528089844 0.03499297752808994
04 0.88125 0.34375 0.027495098039215682 0.024995098039215735
03 0.596875 0.8400000000000001 0.026206896551724146 0.08245689655172417
09 0.784375 0.16749999999999998 0.03122844827586213 0.027478448275862072
03 0.28312499999999996 0.8356250000000001 0.04113636363636369 0.04613636363636375
01 0.595 0.870625 0.022485795454545432 0.01873579545454529
19 0.473125 0.255 0.03621951219512198 0.03496951219512201
04 0.733125 0.37875000000000003 0.026232142857142815 0.02248214285714284
