13 0.38625 0.5856250000000001 0.047483552631578885 0.04123355263157891
06 0.1925 0.215 0.024991610738255066 0.06749161073825505
11 0.240625 0.230625 0.01870689655172414 0.016206896551724137
07 0.248125 0.05500000000000001 0.01624444444444445 0.034994444444444446
20 0.709375 0.8425 0.01873809523809511 0.019988095238095083
20 0.32437499999999997 0.574375 0.01624297752808984 0.018742977528089844
03 0.56125 0.541875 0.017495098039215673 0.04874509803921567
04 0.95375 0.598125 0.019956896551724057 0.018706896551724084
01 0.378125 0.7731250000000001 0.02372844827586207 0.018728448275862175
13 0.521875 0.435 0.046136363636363587 0.04988636363636356
14 0.45687500000000003 0.220625 0.03373579545454547 0.03373579545454547
14 0.18 0.18937500000000002 0.017469512195121967 0.023719512195122
