01 0.39875 0.6256250000000001 0.009983552631578907 0.01123355263157888
15 0.551875 0.285625 0.018741610738254977 0.013741610738255028
11 0.244375 0.575 0.02120689655172414 0.014956896551724053
03 0.5843750000000001 0.17375 0.023744444444444457 0.03249444444444444
05 0.42937499999999995 0.18562499999999998 0.02373809523809528 0.016238095238095246
03 0.166875 0.018125000000000002 0.01374297752808984 0.01874297752808989
16 0.52875 0.506875 0.032495098039215686 0.018745098039215757
14 0.830625 0.45687500000000003 0.01370689655172408 0.013706896551724135
00 0.37687499999999996 0.693125 0.021228448275862066 0.018728448275862286
07 0.29190340909090906 0.781875 0.031193181818181814 0.013636363636363669
07 0.11812500000000001 0.631875 0.016235795454545468 0.03623579545454536
09 0.9425 0.47187500000000004 0.022469512195121943 0.018719512195121968
03 0.7731250000000001 0.721875 0.018732142857142864 0.04623214285714283
10 0.108125 0.859375 0.018737500000000018 0.016237499999999905
