03 0.774375 0.04125 0.06373355263157887 0.047483552631578954
19 0.7562500000000001 0.243125 0.017491610738254892 0.016241610738255086
04 0.37875000000000003 0.423125 0.02995689655172412 0.023706896551724144
18 0.674375 0.459375 0.021244444444444288 0.023744444444444512
08 0.869375 0.6375 0.01873809523809511 0.05748809523809517
12 0.236875 0.370625 0.043742977528089866 0.04874297752808987
03 0.60625 0.490625 0.03999509803921575 0.018745098039215702
08 0.44875 0.45687500000000003 0.054956896551724144 0.058706896551724175
10 0.5125 0.255625 0.03497844827586205 0.02372844827586207
04 0.128125 0.93875 0.041136363636363624 0.039886363636363775
20 0.18375 0.799375 0.022485795454545487 0.016235795454545232
05 0.6712499999999999 0.791875 0.024969512195122 0.043719512195121935
03 0.084375 0.803125 0.06623214285714285 0.026232142857142815
