18 0.663125 0.9293750000000001 0.026233552631578894 0.02873355263157895
03 0.926875 0.534375 0.08124161073825498 0.038741610738255106
14 0.055625 0.360625 0.06620689655172414 0.04370689655172416
20 0.38187499999999996 0.5575 0.03374444444444452 0.019994444444444426
18 0.701875 0.731875 0.04623809523809508 0.048738095238095025
04 0.335625 0.4225 0.043742977528089866 0.03249297752808983
13 0.1225 0.438125 0.09749509803921569 0.10624509803921567
20 0.280625 0.49749999999999994 0.03120689655172415 0.024956896551724117
08 0.11124999999999999 0.36624999999999996 0.054978448275862055 0.02247844827586204
20 0.34562499999999996 0.49875 0.04113636363636358 0.037386363636363606
06 0.6924999999999999 0.20625 0.12498579545454536 0.009985795454545449
03 0.8362499999999999 0.08375 0.03246951219512206 0.05246951219512195
03 0.8362499999999999 0.18125 0.05998214285714287 0.08498214285714284
