08 0.8106249999999999 0.6968749999999999 0.01123355263157888 0.018733552631578942
13 0.19125 0.6799999999999999 0.05999161073825504 0.034991610738254963
14 0.45499999999999996 0.546875 0.019956896551724113 0.011206896551724022
07 0.11625 0.110625 0.03499444444444447 0.05124444444444447
13 0.8200000000000001 0.704375 0.05248809523809517 0.028738095238095118
08 0.7143767556179775 0.79375 0.033746488764044846 0.014992977528089813
20 0.479375 0.20750000000000002 0.011245098039215695 0.009995098039215694
00 0.53625 0.2375 0.014956896551724164 0.009956896551724131
18 0.21500000000000002 0.041249999999999995 0.01497844827586206 0.01747844827586207
13 0.5018750000000001 0.5275 0.018636363636363673 0.07988636363636359
