11 0.2 0.5387500000000001 0.05748355263157898 0.02498355263157881
04 0.2025 0.41812499999999997 0.054991610738255065 0.043741610738255055
04 0.543125 0.6475 0.04870689655172411 0.039956896551724186
18 0.19375 0.8187500000000001 0.03499444444444444 0.037494444444444386
03 0.781875 0.46375 0.06123809523809509 0.06248809523809529
13 0.188125 0.9075 0.06124297752808988 0.09749297752808983
04 0.683125 0.16375 0.04124509803921572 0.0499950980392157
08 0.4375 0.760625 0.024956896551724173 0.06620689655172418
02 0.37875000000000003 0.76125 0.05997844827586202 0.08747844827586215
12 0.361875 0.52375 0.06613636363636355 0.08988636363636365
14 0.4575 0.445 0.06748579545454547 0.04248579545454545
03 0.949375 0.7793749999999999 0.05371951219512194 0.10121951219512193
