03 0.5875 0.753125 0.0674835526315789 0.0362335526315789
08 0.485 0.779375 0.04499161073825503 0.031241610738254932
18 0.516875 0.506875 0.018706896551724084 0.02120689655172414
04 0.29500000000000004 0.906875 0.03249444444444444 0.031244444444444408
12 0.2675 0.5900000000000001 0.05998809523809526 0.037488095238095265
18 0.8162499999999999 0.89625 0.022492977528089875 0.024992977528089932
06 0.674375 0.7849999999999999 0.06124509803921574 0.06249509803921571
14 0.6275 0.98375 0.032456896551724124 0.01745689655172411
16 0.21875 0.463125 0.03247844827586205 0.04622844827586203
07 0.110625 0.365 0.03613636363636363 0.03988636363636361
02 0.6606214488636364 0.1525 0.02374289772727256 0.05748579545454546
01 0.4275 0.18875 0.019969512195121997 0.017469512195121994
18 0.694375 0.920625 0.02373214285714287 0.026232142857142815
