04 0.77 0.63375 0.03498355263157893 0.03248355263157887
12 0.053750000000000006 0.43125 0.06749161073825505 0.047491610738255086
06 0.806875 0.213125 0.09120689655172409 0.11120689655172414
01 0.856875 0.30562500000000004 0.021244444444444288 0.0237444444444444
07 0.8574999999999999 0.07 0.02248809523809514 0.06248809523809524
15 0.266875 0.5393749999999999 0.028742977528089853 0.07124297752808995
16 0.96625 0.759375 0.04999509803921576 0.046245098039215726
05 0.9356249999999999 0.36625 0.043706896551724106 0.02745689655172412
05 0.3075 0.45875 0.022478448275862095 0.04247844827586206
03 0.955625 0.43125 0.03863636363636369 0.06488636363636363
08 0.4475 0.16 0.05498579545454546 0.019985795454545485
09 0.5706249999999999 0.30874999999999997 0.026219512195121975 0.04246951219512202
11 0.15625 0.295625 0.03748214285714285 0.028732142857142817
14 0.10999999999999999 0.7425 0.0424875 0.05248750000000002
