03 0.91 0.43 0.08748355263157892 0.047483552631578885
04 0.8343750000000001 0.9625 0.04874161073825489 0.02999161073825496
04 0.521875 0.76125 0.036206896551724155 0.03495689655172418
14 0.17625 0.7275 0.04749444444444445 0.0624944444444443
12 0.291875 0.833125 0.03873809523809524 0.05123809523809508
20 0.828125 0.294375 0.03874297752808986 0.028742977528089853
20 0.9762500000000001 0.34375 0.02999509803921574 0.032495098039215686
01 0.7525 0.69 0.05495689655172409 0.03745689655172413
20 0.806875 0.855 0.03872844827586219 0.024978448275862153
04 0.469375 0.43937499999999996 0.07113636363636355 0.031136363636363573
03 0.7675000000000001 0.8518749999999999 0.0499857954545454 0.04373579545454531
03 0.16062500000000002 0.733125 0.06121951219512198 0.06621951219512201
