20 0.559375 0.6775 0.023733552631578836 0.017483552631578858
18 0.06937499999999999 0.256875 0.018741610738255025 0.021241610738255062
15 0.9512499999999999 0.326875 0.022456896551724115 0.013706896551724135
14 0.5175000000000001 0.333125 0.012494444444444475 0.026244444444444515
07 0.8918779761904763 0.71625 0.031244047619047532 0.02248809523809514
09 0.891875 0.871875 0.026242977528089906 0.03124297752808991
03 0.014375 0.54125 0.021245098039215687 0.02999509803921563
03 0.864375 0.825625 0.05620689655172417 0.03870689655172421
19 0.291875 0.33999999999999997 0.02622844827586207 0.034978448275862106
12 0.526875 0.27749999999999997 0.0686363636363636 0.06988636363636364
00 0.864375 0.1775 0.023735795454545405 0.014985795454545453
04 0.06375 0.525625 0.03246951219512195 0.03121951219512198
13 0.505 0.615 0.057482142857142815 0.08748214285714284
03 0.24875 0.084375 0.05498750000000002 0.0612375
