04 0.47562499999999996 0.369375 0.02373355263157889 0.02373355263157889
03 0.411875 0.565625 0.01624161073825503 0.021241610738255035
09 0.14687499999999998 0.9824999999999999 0.033706896551724125 0.022456896551724115
06 0.5525 0.9225 0.014994444444444532 0.037494444444444275
18 0.509375 0.115625 0.021238095238095278 0.02373809523809524
14 0.645 0.429375 0.032492977528089884 0.05124297752808982
01 0.22 0.41812499999999997 0.027495098039215682 0.026245098039215653
20 0.489375 0.95 0.03370689655172415 0.03495689655172407
07 0.14 0.535625 0.04247844827586207 0.016228448275862117
20 0.39937500000000004 0.23249999999999998 0.018636363636363618 0.017386363636363672
