03 0.84375 0.5037499999999999 0.037483552631578876 0.04248355263157888
03 0.759375 0.0875 0.031241610738254932 0.03499161073825503
18 0.66875 0.22875 0.01745689655172411 0.01995689655172414
00 0.4675 0.17562499999999998 0.02249444444444454 0.018744444444444425
03 0.236875 0.27749999999999997 0.018738095238095276 0.03498809523809526
06 0.38375000000000004 0.10312324438202247 0.062492977528089855 0.04374648876404494
09 0.20687499999999998 0.33375 0.031245098039215685 0.027495098039215682
06 0.03625 0.75 0.06495689655172414 0.0074568965517241015
13 0.715625 0.920625 0.03872844827586219 0.08122844827586218
07 0.3381534090909091 0.29937499999999995 0.04119318181818182 0.01613636363636367
