03 0.39125 0.401875 0.02498355263157892 0.028733552631578896
03 0.22999999999999998 0.6356249999999999 0.03499161073825505 0.03624161073825494
03 0.7 0.48 0.01745689655172411 0.014956896551724108
18 0.54125 0.024375 0.019994444444444426 0.023744444444444443
06 0.10062202380952381 0.48375 0.01874404761904762 0.10748809523809527
03 0.384375 0.91875 0.023742977528089848 0.022492977528089875
03 0.7275 0.19125 0.022495098039215677 0.02499509803921568
15 0.238125 0.0475 0.01870689655172414 0.032456896551724145
10 0.221875 0.69875 0.02372844827586207 0.02747844827586221
20 0.135625 0.75875 0.013636363636363641 0.014886363636363753
03 0.7275 0.5268714488636363 0.017485795454545316 0.04374289772727269
