04 0.900625 0.69 0.043733552631578965 0.03498355263157882
01 0.5775 0.199375 0.027491610738255012 0.023741610738255037
07 0.273125 0.501875 0.17870689655172411 0.04620689655172411
04 0.923125 0.6275 0.041244444444444306 0.03249444444444438
03 0.6543779761904762 0.08937500000000001 0.03624404761904765 0.02373809523809524
04 0.4125 0.401875 0.03749297752808983 0.03874297752808986
14 0.1175 0.444375 0.032495098039215686 0.0162450980392157
00 0.190625 0.49625 0.02870689655172412 0.019956896551724168
01 0.6056250000000001 0.303125 0.02372844827586207 0.02372844827586207
14 0.438125 0.518125 0.043636363636363584 0.07363636363636361
19 0.9675 0.0625 0.034985795454545277 0.03748579545454546
06 0.10562500000000002 0.2231173780487805 0.12871951219512198 0.046234756097560975
