04 0.7362500000000001 0.6599999999999999 0.03248355263157887 0.022483552631578863
03 0.6487520973154363 0.265 0.012495805369127533 0.027491610738255068
15 0.22125 0.403125 0.01745689655172411 0.026206896551724146
03 0.948125 0.51125 0.06374444444444438 0.034994444444444495
08 0.706875 0.184375 0.016238095238095163 0.026238095238095255
14 0.368125 0.23375 0.01374297752808984 0.019992977528089845
08 0.9425 0.68625 0.01249509803921578 0.024995098039215735
18 0.781875 0.036250000000000004 0.01370689655172419 0.01745689655172414
08 0.033125 0.414375 0.043728448275862065 0.028728448275862073
06 0.149375 0.41500000000000004 0.06613636363636366 0.04738636363636356
03 0.31625000000000003 0.666875 0.027485795454545492 0.026235795454545352
20 0.8587499999999999 0.124375 0.014969512195121992 0.013719512195121936
