10 0.27375 0.645 0.022483552631578974 0.022483552631578974
03 0.09437500000000001 0.899375 0.04374161073825504 0.018741610738254866
10 0.188125 0.534375 0.026206896551724118 0.026206896551724146
20 0.33625 0.29500000000000004 0.027494444444444488 0.022494444444444428
12 0.74625 0.390625 0.0399880952380951 0.03873809523809524
13 0.770625 0.343125 0.053742977528089764 0.07374297752808984
06 0.09062622549019608 0.87625 0.08374754901960785 0.052495098039215704
01 0.037500000000000006 0.60125 0.039956896551724144 0.03745689655172413
14 0.53625 0.176875 0.01747844827586209 0.018728448275862064
02 0.296875 0.575625 0.05363636363636365 0.033636363636363575
15 0.420625 0.77875 0.01623579545454551 0.029985795454545383
18 0.85 0.58875 0.022469512195121943 0.02496951219512189
03 0.056249999999999994 0.715625 0.00998214285714285 0.03873214285714288
