09 0.711875 0.188125 0.02123355263157889 0.03873355263157899
11 0.455625 0.875 0.03624161073825505 0.032491610738254906
14 0.28625 0.399375 0.057456896551724146 0.053706896551724115
14 0.33187500000000003 0.625 0.02874444444444446 0.039994444444444444
07 0.619375 0.1737470238095238 0.10623809523809513 0.05999404761904764
05 0.349375 0.96 0.04874297752808987 0.02749297752808988
07 0.825625 0.83125 0.046245098039215615 0.024995098039215624
08 0.877510775862069 0.3125 0.032478448275862104 0.04245689655172413
07 0.88 0.20625 0.09497844827586222 0.03747844827586208
05 0.036250000000000004 0.4925 0.029886363636363635 0.05238636363636362
