15 0.3225 0.20124999999999998 0.1324835526315789 0.04998355263157897
07 0.5493770973154363 0.22312500000000002 0.08624580536912752 0.11624161073825504
15 0.6425 0.22125 0.06745689655172415 0.06245689655172415
14 0.5687500000000001 0.4375 0.05249444444444451 0.06999444444444447
04 0.743125 0.165 0.0712380952380951 0.06998809523809524
04 0.4 0.584375 0.06499297752808986 0.04124297752808981
00 0.756875 0.3875 0.10374509803921572 0.09499509803921569
10 0.6575 0.78125 0.0699568965517241 0.04245689655172402
00 0.406875 0.25625 0.08122844827586206 0.05497844827586204
09 0.22312500000000002 0.8625 0.06113636363636368 0.09988636363636372
05 0.6025 0.861875 0.04498579545454551 0.0862357954545453
13 0.508125 0.34375 0.22121951219512198 0.19246951219512198
03 0.8925000000000001 0.224375 0.1049821428571428 0.05123214285714284
