00 0.31124999999999997 0.7662500000000001 0.0724835526315789 0.05248355263157889
14 0.43 0.484375 0.04499161073825508 0.07624161073825508
04 0.27 0.68875 0.054956896551724116 0.039956896551724075
13 0.7725 0.14250000000000002 0.21749444444444432 0.12749444444444444
20 0.63375 0.58875 0.047488095238095274 0.03248809523809526
03 0.673125 0.90375 0.04124297752808981 0.0674929775280898
04 0.619375 0.1325 0.08124509803921565 0.06499509803921569
05 0.8868750000000001 0.96375 0.06620689655172407 0.0549568965517242
13 0.680625 0.560625 0.2612284482758622 0.061228448275862046
16 0.9475 0.900625 0.05988636363636379 0.10363636363636375
04 0.24937499999999999 0.82375 0.07123579545454545 0.054985795454545294
07 0.310625 0.796875 0.138719512195122 0.023719512195121917
