04 0.688125 0.8999999999999999 0.023733552631578947 0.022483552631578863
13 0.8743749999999999 0.931875 0.1212416107382549 0.028741610738254986
03 0.14750000000000002 0.8162499999999999 0.017456896551724138 0.032456896551724124
04 0.319375 0.915 0.02874444444444446 0.03249444444444438
04 0.8456250000000001 0.281875 0.021238095238095167 0.02373809523809528
06 0.46 0.6393732443820225 0.049992977528089844 0.026246488764045006
04 0.406875 0.21687499999999998 0.02624509803921571 0.021245098039215676
20 0.453125 0.640625 0.02120689655172414 0.01370689655172419
06 0.4475 0.30124461206896547 0.07997844827586209 0.027489224137931034
12 0.48375 0.735625 0.03988636363636361 0.036136363636363744
09 0.701875 0.7025 0.023735795454545294 0.037485795454545334
13 0.10375000000000001 0.584375 0.06246951219512194 0.033719512195121926
05 0.28125 0.45625000000000004 0.014982142857142833 0.03248214285714285
