03 0.16875 0.205625 0.024983552631578976 0.026233552631578977
18 0.39437500000000003 0.771875 0.018741610738255032 0.021241610738254924
03 0.734375 0.961875 0.02120689655172403 0.018706896551724195
14 0.328125 0.38875000000000004 0.04874444444444448 0.05999444444444452
05 0.8787499999999999 0.576875 0.03248809523809515 0.01873809523809522
14 0.415625 0.615625 0.05124297752808987 0.02124297752808979
04 0.7025 0.8418749999999999 0.01999509803921562 0.02374509803921565
14 0.950625 0.10875 0.016206896551724026 0.01995689655172414
06 0.976875 0.6631250000000001 0.0437284482758622 0.05622844827586215
20 0.6025 0.83875 0.029886363636363655 0.029886363636363766
14 0.6699999999999999 0.670625 0.029985795454545383 0.05623579545454538
03 0.51375 0.93875 0.029969512195122006 0.029969512195122006
13 0.07875 0.700625 0.06998214285714285 0.05123214285714284
20 0.459375 0.398125 0.016237500000000016 0.016237500000000016
