17 0.755625 0.509375 0.026233552631578894 0.031233552631578843
15 0.801875 0.426875 0.026241610738254817 0.01624161073825503
03 0.33625 0.286875 0.014956896551724164 0.023706896551724144
06 0.5937486111111112 0.25187499999999996 0.024997222222222226 0.10124444444444441
00 0.94625 0.8981250000000001 0.024988095238095087 0.01623809523809505
06 0.6168750000000001 0.380625 0.04874297752808976 0.05874297752808988
06 0.31562377450980394 0.703125 0.0337475490196078 0.07624509803921575
15 0.299375 0.20375 0.043706896551724106 0.027456896551724147
00 0.96375 0.6475 0.032478448275862215 0.02747844827586221
04 0.11875 0.766875 0.02738636363636364 0.026136363636363735
