07 0.95875 0.6556249999999999 0.009983552631578907 0.031233552631578898
18 0.224375 0.59125 0.013741610738255056 0.014991610738254946
08 0.9256249999999999 0.69875 0.01370689655172408 0.032456896551724124
03 0.660625 0.648125 0.01874444444444434 0.02874444444444446
05 0.12562500000000001 0.744375 0.02623809523809524 0.028738095238095118
13 0.34125 0.138125 0.0524929775280899 0.031242977528089896
01 0.738125 0.959375 0.02624509803921571 0.018745098039215646
00 0.3 0.63375 0.02745689655172412 0.022456896551724115
03 0.425625 0.923125 0.01372844827586206 0.018728448275862175
09 0.5775 0.604375 0.01738636363636359 0.03863636363636358
