11 0.029375000000000002 0.39125 0.023733552631578954 0.027483552631578922
06 0.528125 0.880625 0.038741610738255106 0.0587416107382549
03 0.745 0.69 0.014956896551724164 0.03745689655172413
03 0.45875 0.96875 0.014994444444444532 0.03249444444444438
05 0.394375 0.021249999999999998 0.016238095238095274 0.022488095238095238
20 0.675 0.010625 0.014992977528089813 0.01624297752808989
10 0.484375 0.260625 0.02624509803921571 0.021245098039215704
07 0.32875 0.6025 0.012456896551724106 0.029956896551724177
03 0.15125 0.271875 0.052478448275862066 0.018728448275862064
03 0.875 0.224375 0.03488636363636366 0.026136363636363652
04 0.548125 0.918125 0.023735795454545516 0.01873579545454529
10 0.839375 0.303125 0.016219512195121966 0.01621951219512202
