03 0.59375 0.144375 0.03248355263157898 0.02623355263157895
14 0.9550000000000001 0.14250000000000002 0.03749161073825491 0.044991610738255056
09 0.934375 0.621875 0.03870689655172421 0.053706896551724115
05 0.01625 0.034375 0.029994444444444445 0.03624444444444444
10 0.149375 0.15437499999999998 0.03123809523809523 0.023738095238095253
10 0.7931250000000001 0.893125 0.03374297752808986 0.0212429775280899
05 0.675 0.041874999999999996 0.022495098039215677 0.046245098039215685
01 0.09687499999999999 0.8206249999999999 0.04370689655172415 0.043706896551724106
10 0.06812499999999999 0.7737499999999999 0.033728448275862064 0.02747844827586221
03 0.4325 0.74125 0.03988636363636355 0.08988636363636371
