10 0.2125 0.880625 0.022483552631578974 0.01873355263157883
20 0.50875 0.968125 0.012491610738254999 0.013741610738254861
03 0.219375 0.903125 0.031206896551724123 0.036206896551724044
03 0.44 0.401875 0.047494444444444506 0.023744444444444512
06 0.6343749999999999 0.9668749999999999 0.03373809523809512 0.03373809523809512
04 0.06375 0.27375 0.024992977528089884 0.019992977528089817
06 0.59875 0.651875 0.017495098039215673 0.0162450980392157
01 0.644375 0.9650000000000001 0.016206896551724137 0.012456896551724106
11 0.539375 0.854375 0.028728448275862073 0.02372844827586218
03 0.260625 0.48562500000000003 0.021136363636363675 0.04113636363636364
03 0.9412499999999999 0.6 0.029985795454545383 0.0399857954545455
04 0.88375 0.171875 0.024969512195122 0.018719512195121968
