03 0.845 0.5081249999999999 0.022483552631578863 0.061233552631578925
16 0.5862499999999999 0.3625 0.04499161073825497 0.034991610738255075
04 0.325625 0.878125 0.036206896551724155 0.026206896551724146
15 0.21187499999999998 0.86 0.016244444444444422 0.022494444444444373
04 0.97 0.809375 0.034988095238095096 0.028738095238095118
20 0.713125 0.825 0.023742977528089848 0.01749297752808987
14 0.94625 0.8400000000000001 0.04499509803921564 0.06249509803921571
06 0.2125 0.70125 0.044956896551724135 0.06745689655172415
10 0.451875 0.19874999999999998 0.02622844827586207 0.022478448275862067
11 0.230625 0.719375 0.031136363636363684 0.02113636363636373
04 0.485625 0.16999999999999998 0.02623579545454552 0.02248579545454546
03 0.05125 0.626875 0.04496951219512195 0.03121951219512198
00 0.83125 0.286875 0.03498214285714285 0.028732142857142817
12 0.4425 0.2825 0.027487499999999998 0.03248750000000006
