02 0.5118750000000001 0.273125 0.02873355263157895 0.05623355263157895
20 0.368125 0.179375 0.02624161073825504 0.02624161073825504
13 0.24562499999999998 0.431875 0.08370689655172411 0.028706896551724093
15 0.870625 0.80125 0.023744444444444346 0.019994444444444426
10 0.8 0.20750000000000002 0.02248809523809514 0.02248809523809528
03 0.84125 0.22499999999999998 0.02499297752808982 0.059992977528089825
13 0.864375 0.041875 0.08124509803921565 0.03374509803921569
19 0.6168750000000001 0.055624999999999994 0.0337068965517241 0.031206896551724143
10 0.21625 0.09937499999999999 0.024978448275862042 0.02872844827586206
10 0.474375 0.469375 0.02113636363636362 0.018636363636363618
