06 0.8612541118421053 0.34187499999999993 0.03249177631578937 0.07373355263157894
07 0.84375 0.7856229026845638 0.01999161073825495 0.03374580536912741
03 0.693125 0.785 0.028706896551724093 0.04745689655172414
18 0.01125 0.11875 0.014994444444444442 0.017494444444444465
20 0.916875 0.194375 0.021238095238095056 0.016238095238095274
14 0.863125 0.204375 0.04124297752808981 0.02624297752808985
03 0.15875 0.188125 0.03499509803921569 0.0462450980392157
15 0.1925 0.535 0.024956896551724117 0.03745689655172413
18 0.01625 0.81 0.014978448275862073 0.0174784482758622
15 0.82375 0.396875 0.014886363636363753 0.04113636363636358
14 0.9806250000000001 0.9293750000000001 0.021235795454545348 0.02623579545454524
