08 0.31875 0.92875 0.022483552631578974 0.05998355263157895
03 0.34062499999999996 0.924375 0.02874161073825504 0.02374161073825498
12 0.8187500000000001 0.109375 0.04245689655172413 0.04620689655172412
12 0.39937500000000004 0.68625 0.04624444444444448 0.04249444444444439
03 0.4675 0.071875 0.06248809523809523 0.016238095238095232
10 0.7 0.745 0.029992977528089937 0.019992977528089817
18 0.9675 0.6212500000000001 0.01999509803921573 0.022495098039215677
10 0.509375 0.260625 0.028706896551724148 0.02120689655172414
11 0.42374999999999996 0.9 0.03747844827586205 0.024978448275862153
15 0.32125 0.49062500000000003 0.01738636363636359 0.02113636363636362
04 0.21125 0.624375 0.03748579545454547 0.02873579545454552
17 0.9625 0.80625 0.04246951219512196 0.04246951219512196
03 0.305 0.305 0.047482142857142806 0.049982142857142864
14 0.479375 0.585 0.03123750000000003 0.0324875
