03 0.889375 0.39937500000000004 0.026233552631578894 0.08623355263157889
15 0.8968750000000001 0.89625 0.018741610738254866 0.032491610738254906
15 0.9825 0.391875 0.02745689655172412 0.028706896551724148
05 0.330625 0.770625 0.033744444444444466 0.026244444444444293
03 0.87125 0.174375 0.019988095238095083 0.056238095238095254
20 0.403125 0.3875 0.028742977528089853 0.032492977528089884
04 0.92125 0.675625 0.03999509803921564 0.028745098039215655
15 0.144375 0.37375 0.04370689655172412 0.054956896551724144
03 0.379375 0.631875 0.058728448275862044 0.053728448275862095
14 0.575 0.90375 0.04488636363636356 0.029886363636363655
