03 0.614375 0.7112499999999999 0.016233552631578885 0.022483552631578863
04 0.026249999999999996 0.8775 0.01999161073825503 0.029991610738254848
20 0.090625 0.645 0.023706896551724144 0.022456896551724115
04 0.16749999999999998 0.358125 0.022494444444444456 0.021244444444444455
03 0.295 0.68875 0.04248809523809527 0.019988095238095083
07 0.88125 0.5687482443820224 0.019992977528089817 0.032496488764044984
04 0.059375 0.95875 0.018745098039215695 0.01999509803921562
06 0.9275 0.5662499999999999 0.049956896551724084 0.029956896551724177
20 0.838125 0.68625 0.018728448275862286 0.0174784482758622
03 0.5306249999999999 0.385625 0.02113636363636362 0.018636363636363562
06 0.6956249999999999 0.6950000000000001 0.0337357954545453 0.05248579545454535
07 0.029375 0.584375 0.021219512195121953 0.03871951219512204
18 0.401875 0.611875 0.01623214285714286 0.018732142857142864
12 0.1575 0.11624999999999999 0.0324875 0.034987500000000005
