13 0.89375 0.30062088815789473 0.08998355263157898 0.0837417763157895
13 0.753125 0.104375 0.07874161073825492 0.04624161073825504
03 0.23875 0.44125000000000003 0.024956896551724117 0.044956896551724135
20 0.711875 0.33 0.03624444444444441 0.03249444444444449
03 0.436875 0.6643749999999999 0.07623809523809527 0.05373809523809525
10 0.12125 0.463125 0.024992977528089877 0.02624297752808985
20 0.8987499999999999 0.330625 0.042495098039215695 0.04374509803921567
20 0.874375 0.259375 0.04870689655172411 0.04620689655172411
06 0.959375 0.531875 0.011228448275862224 0.03872844827586208
12 0.141875 0.37812500000000004 0.08363636363636366 0.05113636363636359
03 0.41500000000000004 0.164375 0.042485795454545505 0.031235795454545467
04 0.125 0.5325 0.03746951219512196 0.03246951219512195
