10 0.82375 0.505 0.022483552631578974 0.02498355263157892
06 0.15625209731543624 0.084375 0.06499580536912752 0.05124161073825504
08 0.884375 0.156875 0.028706896551724093 0.05120689655172414
04 0.946875 0.43374999999999997 0.023744444444444346 0.017494444444444535
15 0.868125 0.8887499999999999 0.02623809523809506 0.024988095238095087
05 0.21625 0.128125 0.014992977528089868 0.03624297752808989
13 0.366875 0.379375 0.046245098039215726 0.1437450980392157
11 0.161875 0.279375 0.023706896551724116 0.016206896551724137
06 0.46499999999999997 0.659375 0.027478448275862044 0.011228448275862224
13 0.5475000000000001 0.9075 0.0323863636363636 0.04488636363636378
18 0.489375 0.21687499999999998 0.016235795454545454 0.018735795454545484
