13 0.395625 0.7025 0.04623355263157891 0.14248355263157886
03 0.114375 0.5137499999999999 0.033741610738255046 0.042491610738255026
07 0.21375 0.8875 0.06495689655172412 0.039956896551724186
03 0.62125 0.755 0.0999944444444445 0.047494444444444284
04 0.889375 0.505625 0.05623809523809509 0.0487380952380953
14 0.5874999999999999 0.705625 0.09749297752808983 0.04874297752808976
08 0.15625 0.360625 0.052495098039215704 0.04874509803921573
03 0.244375 0.5575 0.023706896551724116 0.04745689655172414
09 0.3425 0.910625 0.03247844827586205 0.05622844827586215
20 0.734375 0.16375 0.04113636363636375 0.03738636363636366
