04 0.785625 0.655625 0.023733552631578947 0.01873355263157883
14 0.27875 0.07500000000000001 0.02999161073825507 0.024991610738255052
09 0.070625 0.026875 0.021206896551724135 0.021206896551724135
02 0.07187500000000001 0.490625 0.018744444444444452 0.02874444444444446
20 0.48875 0.723125 0.012488095238095298 0.011238095238095158
11 0.754375 0.259375 0.018742977528089844 0.018742977528089844
15 0.2525 0.36 0.024995098039215707 0.01499509803921567
06 0.035625000000000004 0.390625 0.01620689655172414 0.06370689655172412
07 0.344375 0.248125 0.02622844827586207 0.031228448275862075
14 0.049375 0.671875 0.02613636363636363 0.03113636363636374
09 0.8275 0.7675000000000001 0.02498579545454538 0.019985795454545374
03 0.10062499999999999 0.40125 0.018719512195121954 0.03746951219512196
03 0.73125 0.501875 0.019982142857142837 0.023732142857142813
03 0.599375 0.04375 0.013737499999999958 0.027487499999999998
