09 0.7306250000000001 0.08374999999999999 0.04123355263157891 0.024983552631578948
04 0.9768749999999999 0.975 0.028741610738254875 0.01999161073825495
06 0.505625 0.5975 0.023706896551724144 0.06745689655172415
11 0.045625 0.1125 0.033744444444444445 0.032494444444444465
13 0.16625 0.185 0.06998809523809524 0.08748809523809525
03 0.72125 0.0775 0.1149929775280899 0.014992977528089896
01 0.649375 0.103125 0.018745098039215757 0.018745098039215688
05 0.78 0.4275 0.03495689655172418 0.019956896551724113
13 0.3625 0.9156249999999999 0.09747844827586205 0.026228448275862237
03 0.575625 0.8731249999999999 0.043636363636363584 0.05613636363636376
04 0.59125 0.279375 0.03248579545454555 0.026235795454545463
