03 0.286875 0.034375 0.023733552631578947 0.02623355263157895
01 0.3975 0.530625 0.01999161073825506 0.018741610738254977
20 0.93875 0.42625 0.029956896551724177 0.022456896551724115
15 0.825625 0.751875 0.061244444444444324 0.05374444444444437
00 0.9550000000000001 0.7725 0.04248809523809516 0.037488095238095154
06 0.798125 0.10250000000000001 0.10624297752808987 0.017492977528089884
04 0.776875 0.2225 0.04124509803921572 0.029995098039215684
10 0.760625 0.32437499999999997 0.04370689655172422 0.03870689655172416
01 0.8925000000000001 0.34625 0.024978448275862264 0.024978448275862042
03 0.785625 0.86625 0.0386363636363638 0.02738636363636371
15 0.88875 0.71 0.037485795454545334 0.034985795454545277
