08 0.08562499999999999 0.641875 0.051233552631578944 0.026233552631578894
03 0.139375 0.0975 0.02624161073825504 0.029991610738255042
10 0.30562500000000004 0.42500000000000004 0.028706896551724148 0.019956896551724113
04 0.204375 0.740625 0.03624444444444441 0.0362444444444443
03 0.39437500000000003 0.1675 0.09373809523809523 0.03998809523809527
03 0.23125 0.96 0.032492977528089856 0.02749297752808988
13 0.12937500000000002 0.15625 0.1137450980392157 0.0449950980392157
00 0.450625 0.325625 0.0387068965517241 0.03120689655172415
18 0.66125 0.8887499999999999 0.022478448275862206 0.024978448275862264
04 0.788125 0.629375 0.03113636363636374 0.03113636363636374
08 0.43125 0.36124999999999996 0.06248579545454547 0.032485795454545496
