15 0.06562499999999999 0.12875 0.03373355263157894 0.05998355263157895
07 0.950625 0.31062500000000004 0.056241610738254955 0.05374161073825506
03 0.735625 0.22125 0.04120689655172416 0.057456896551724146
06 0.5275000000000001 0.4375 0.039994444444444555 0.2349944444444445
10 0.669375 0.5293749999999999 0.051238095238095194 0.033738095238095345
03 0.550625 0.1425 0.09124297752808985 0.06499297752808986
06 0.2518737745098039 0.0375 0.028747549019607854 0.05749509803921569
08 0.056249999999999994 0.755 0.06995689655172413 0.10245689655172407
14 0.33125 0.38625 0.1724784482758621 0.05497844827586207
08 0.83375 0.280625 0.09988636363636383 0.05613636363636365
14 0.1625 0.51125 0.04498579545454545 0.1174857954545454
07 0.18125000000000002 0.67125 0.029969512195121978 0.07246951219512199
20 0.315 0.11375 0.029982142857142846 0.02748214285714287
06 0.47687500000000005 0.201875 0.06373750000000006 0.1287375
