03 0.958125 0.28375 0.02873355263157884 0.03498355263157893
13 0.636875 0.780625 0.15374161073825499 0.05124161073825495
03 0.30562500000000004 0.855625 0.0362068965517241 0.036206896551724155
06 0.4975 0.44875 0.03499444444444444 0.01749444444444448
01 0.770625 0.308125 0.03873809523809513 0.036238095238095236
08 0.408125 0.063125 0.053742977528089875 0.043742977528089894
08 0.858125 0.201875 0.02374509803921565 0.033745098039215715
03 0.12125 0.573125 0.044956896551724135 0.018706896551724084
04 0.251875 0.490625 0.041228448275862056 0.028728448275862073
16 0.22875 0.363125 0.039886363636363664 0.0636363636363636
11 0.9025 0.906875 0.04998579545454529 0.041235795454545254
