03 0.79375 0.8049999999999999 0.022483552631578863 0.047483552631578996
18 0.659375 0.281875 0.026241610738254928 0.02874161073825504
14 0.43125 0.057499999999999996 0.044956896551724135 0.04995689655172413
03 0.48875 0.6231249999999999 0.04999444444444451 0.023744444444444457
06 0.485625 0.6343749999999999 0.07123809523809527 0.08873809523809528
10 0.02625 0.64 0.034992977528089886 0.029992977528089826
11 0.9493750000000001 0.89375 0.03374509803921566 0.0474950980392157
08 0.8218749999999999 0.22 0.011206896551724133 0.02995689655172412
06 0.935 0.388125 0.049978448275862175 0.018728448275862064
07 0.4875 0.6 0.04488636363636356 0.01738636363636359
