06 0.5250041118421053 0.126875 0.05749177631578939 0.011233552631578922
06 0.7949999999999999 0.67875 0.00999161073825483 0.022491610738254897
15 0.46499999999999997 0.31437499999999996 0.027456896551724175 0.03370689655172415
20 0.47125 0.833125 0.01749444444444448 0.016244444444444284
03 0.249375 0.599375 0.026238095238095283 0.021238095238095278
20 0.74625 0.981875 0.019992977528089817 0.016242977528089786
16 0.383125 0.9750000000000001 0.02624509803921571 0.022495098039215677
13 0.140625 0.31937499999999996 0.05620689655172412 0.04620689655172411
20 0.98 0.635 0.01997844827586226 0.01747844827586209
18 0.94375 0.14500000000000002 0.012386363636363695 0.014886363636363614
