04 0.2575 0.816875 0.03748355263157899 0.04123355263157891
07 0.4475 0.40875 0.12499161073825499 0.0599916107382551
02 0.84875 0.6475 0.0699568965517241 0.05245689655172414
08 0.09 0.61 0.05499444444444444 0.05499444444444457
04 0.948125 0.8275 0.03873809523809513 0.04248809523809505
03 0.723125 0.94375 0.06374297752808988 0.06999297752808986
10 0.9225 0.9425 0.03999509803921564 0.03749509803921569
02 0.230625 0.23625000000000002 0.0937068965517241 0.022456896551724143
03 0.51875 0.48375 0.05997844827586213 0.06997844827586208
11 0.32999999999999996 0.388125 0.04988636363636362 0.043636363636363584
14 0.77 0.3175 0.037485795454545334 0.05498579545454546
14 0.06875 0.5387500000000001 0.039969512195121945 0.04996951219512191
