06 0.41625 0.449375 0.02498355263157892 0.0362335526315789
05 0.6000000000000001 0.31875 0.03249161073825502 0.03749161073825508
15 0.380625 0.52875 0.016206896551724137 0.032456896551724124
18 0.33875 0.931875 0.02499444444444454 0.02874444444444435
14 0.611875 0.61625 0.041238095238095185 0.03248809523809526
10 0.6793750000000001 0.3425 0.023742977528089848 0.019992977528089872
18 0.084375 0.29 0.023745098039215692 0.027495098039215682
07 0.41874999999999996 0.263125 0.034956896551724126 0.03620689655172413
05 0.569375 0.344375 0.028728448275862073 0.03372844827586208
09 0.5625 0.2875 0.029886363636363544 0.039886363636363664
