04 0.8725 0.674375 0.02498355263157881 0.023733552631578836
03 0.344375 0.026874999999999996 0.02874161073825504 0.02374161073825503
14 0.8868750000000001 0.82125 0.02120689655172414 0.032456896551724124
04 0.825625 0.660625 0.023744444444444457 0.026244444444444293
04 0.8275 0.793125 0.019988095238095083 0.02623809523809517
03 0.6331249999999999 0.669375 0.03374297752808986 0.03374297752808986
03 0.66875 0.19624999999999998 0.014995098039215615 0.014995098039215699
13 0.8987499999999999 0.9468749999999999 0.05495689655172409 0.02120689655172414
01 0.635 0.734375 0.014978448275862144 0.016228448275862117
02 0.305 0.249375 0.02738636363636371 0.023636363636363678
15 0.566875 0.803125 0.023735795454545405 0.06123579545454527
08 0.045625 0.44375 0.03871951219512196 0.03746951219512201
