05 0.266875 0.498125 0.031233552631578954 0.02123355263157889
03 0.63125 0.4175 0.03999161073825497 0.029991610738255015
02 0.547510775862069 0.505 0.05247844827586201 0.03245689655172407
19 0.56125 0.6537499999999999 0.022494444444444484 0.03249444444444438
10 0.200625 0.0675 0.02373809523809528 0.027488095238095235
10 0.16749999999999998 0.5925 0.02749297752808988 0.02749297752808988
04 0.18312499999999998 0.348125 0.031245098039215685 0.02874509803921571
05 0.369375 0.7887500000000001 0.016206896551724137 0.032456896551724124
19 0.311875 0.903125 0.02622844827586207 0.028728448275862184
06 0.029375 0.95625 0.011136363636363635 0.03738636363636372
07 0.4056214488636364 0.28812144886363633 0.03874289772727274 0.018742897727272723
