01 0.745625 0.298125 0.033733552631578956 0.03373355263157901
04 0.7250000000000001 0.43062500000000004 0.06749161073825494 0.05874161073825507
06 0.550625 0.63625 0.16120689655172415 0.06245689655172415
01 0.8474999999999999 0.250625 0.027494444444444377 0.0212444444444444
08 0.85375 0.561875 0.054988095238095114 0.05373809523809525
08 0.049375 0.229375 0.03874297752808989 0.07624297752808984
06 0.780625 0.06625 0.04874509803921567 0.02999509803921569
03 0.410625 0.56125 0.053706896551724115 0.03745689655172413
15 0.54125 0.018750000000000003 0.06747844827586214 0.03497844827586207
03 0.43562500000000004 0.093125 0.04113636363636358 0.026136363636363624
17 0.421875 0.4425 0.06873579545454545 0.06998579545454547
03 0.41125 0.37375 0.06996951219512199 0.04746951219512202
