09 0.569375 0.401875 0.033733552631578845 0.04123355263157891
12 0.07062500000000001 0.80875 0.04124161073825503 0.05499161073825487
20 0.57125 0.144375 0.02495689655172406 0.023706896551724144
06 0.128125 0.5331250000000001 0.016244444444444478 0.02124444444444451
08 0.44437499999999996 0.49749999999999994 0.008738095238095267 0.09248809523809526
04 0.740625 0.174375 0.0312429775280898 0.02624297752808985
04 0.15875 0.755625 0.032495098039215686 0.021245098039215704
08 0.735625 0.140625 0.0387068965517241 0.016206896551724137
08 0.338125 0.676875 0.011228448275862057 0.046228448275862144
15 0.803125 0.6056250000000001 0.018636363636363784 0.033636363636363575
15 0.44 0.208125 0.022485795454545432 0.051235795454545485
14 0.525 0.385 0.022469512195121943 0.014969512195121992
10 0.89375 0.20375 0.029982142857142846 0.02998214285714282
