20 0.681875 0.764375 0.03873355263157885 0.026233552631578894
14 0.03125 0.135625 0.04249161073825503 0.05124161073825505
12 0.49250000000000005 0.16499999999999998 0.04995689655172414 0.054956896551724116
20 0.25 0.63625 0.019994444444444426 0.022494444444444373
07 0.5475 0.47125 0.11998809523809534 0.017488095238095247
10 0.171875 0.5762499999999999 0.031242977528089882 0.02499297752808982
06 0.575 0.740625 0.022495098039215677 0.1312450980392157
03 0.29436422413793106 0.3425 0.038728448275862026 0.02995689655172412
06 0.4125 0.844375 0.04497844827586206 0.053728448275862206
13 0.796875 0.865 0.10863636363636364 0.0748863636363637
