08 0.028754111842105263 0.72875 0.04999177631578947 0.02498355263157892
15 0.48375 0.666875 0.02999161073825507 0.046241610738254835
20 0.12 0.9525 0.019956896551724113 0.014956896551724164
19 0.813125 0.103125 0.016244444444444284 0.03374444444444445
09 0.524375 0.453125 0.016238095238095274 0.031238095238095287
20 0.534375 0.644375 0.026242977528089795 0.018742977528089844
05 0.4037512254901961 0.708125 0.03499754901960783 0.02624509803921571
03 0.428125 0.76625 0.023706896551724144 0.03745689655172413
03 0.659375 0.34125 0.026228448275862237 0.029978448275862046
03 0.8225 0.08374999999999999 0.03738636363636383 0.042386363636363625
03 0.8131250000000001 0.7424999999999999 0.021235795454545348 0.03248579545454533
13 0.415625 0.41125 0.06621951219512195 0.07746951219512199
18 0.6737500000000001 0.349375 0.019982142857142837 0.02373214285714287
15 0.46125 0.7362500000000001 0.047487500000000016 0.039987499999999954
