03 0.08437499999999999 0.740625 0.023733552631578947 0.02873355263157884
19 0.083125 0.36125 0.033741610738255046 0.01999161073825506
02 0.89625 0.215 0.022456896551724115 0.02745689655172412
11 0.325 0.095625 0.03249444444444449 0.023744444444444457
19 0.399375 0.9293750000000001 0.021238095238095278 0.03373809523809512
07 0.8875 0.274375 0.06249297752808991 0.028742977528089853
03 0.31 0.6125 0.022495098039215677 0.03499509803921563
03 0.8768750000000001 0.12375 0.01370689655172408 0.02995689655172412
03 0.71 0.30625 0.014978448275862255 0.034978448275862106
03 0.848125 0.691875 0.013636363636363669 0.026136363636363735
08 0.218125 0.210625 0.028735795454545493 0.016235795454545454
07 0.9431326219512195 0.781875 0.02123475609756098 0.03121951219512198
