08 0.75 0.28875 0.04498355263157894 0.01748355263157897
14 0.96 0.685 0.049991610738254866 0.029991610738254848
03 0.063125 0.36312500000000003 0.028706896551724148 0.01620689655172408
00 0.505625 0.27125 0.026244444444444515 0.019994444444444426
20 0.760625 0.4425 0.021238095238095056 0.019988095238095305
20 0.644375 0.43437499999999996 0.016242977528089897 0.01624297752808984
10 0.53125 0.956875 0.02249509803921579 0.018745098039215646
14 0.8531249999999999 0.6925 0.03120689655172415 0.03745689655172413
06 0.69875 0.23625000000000002 0.10747844827586217 0.01497844827586206
03 0.70375 0.11374999999999999 0.06488636363636369 0.024886363636363637
03 0.845625 0.034374999999999996 0.016235795454545343 0.03123579545454545
05 0.469375 0.8049999999999999 0.018719512195121968 0.0399695121951219
06 0.41500000000000004 0.14937499999999998 0.06498214285714282 0.028732142857142845
