11 0.103125 0.941875 0.023733552631578933 0.016233552631578885
03 0.901875 0.8531249999999999 0.02374161073825487 0.028741610738254875
14 0.56875 0.8456250000000001 0.014956896551724164 0.023706896551724088
00 0.14625 0.4075 0.01749444444444445 0.017494444444444535
10 0.854375 0.07875 0.013738095238095216 0.00998809523809524
06 0.135625 0.91625 0.043742977528089894 0.0624929775280898
03 0.21437499999999998 0.7875 0.018745098039215674 0.034995098039215744
07 0.48875 0.71375 0.02745689655172412 0.01745689655172411
16 0.5549999999999999 0.938125 0.02747844827586199 0.03122844827586224
01 0.13187500000000002 0.076875 0.016136363636363643 0.016136363636363643
01 0.538125 0.869375 0.016235795454545454 0.016235795454545343
04 0.64 0.53125 0.022469512195121943 0.019969512195121997
