04 0.270625 0.51375 0.04873355263157897 0.03498355263157893
08 0.76875 0.656875 0.059991610738254875 0.06874161073825502
03 0.784375 0.59625 0.03870689655172421 0.03495689655172407
07 0.930625 0.07500000000000001 0.1037444444444443 0.07499444444444445
11 0.5706249999999999 0.878125 0.043738095238095354 0.048738095238095136
06 0.1925 0.106875 0.06499297752808986 0.11374297752808987
03 0.634375 0.52625 0.046245098039215726 0.034995098039215744
00 0.12187500000000001 0.500625 0.05370689655172413 0.04120689655172405
03 0.495 0.201875 0.049978448275862064 0.08372844827586207
01 0.371875 0.39937500000000004 0.05363636363636359 0.046136363636363587
03 0.43999999999999995 0.33187500000000003 0.059985795454545465 0.038735795454545474
07 0.174375 0.06874237804878049 0.06371951219512195 0.08248475609756098
