20 0.06 0.35875 0.019983552631578964 0.017483552631578914
19 0.454375 0.97 0.02124161073825509 0.02999161073825496
03 0.5349999999999999 0.75375 0.00995689655172416 0.03745689655172413
19 0.951875 0.855625 0.043744444444444364 0.0212444444444444
03 0.1 0.746875 0.022488095238095238 0.023738095238095114
11 0.43937499999999996 0.346875 0.02624297752808985 0.028742977528089853
14 0.21875 0.44625000000000004 0.022495098039215677 0.029995098039215684
16 0.9225 0.753125 0.02745689655172412 0.04620689655172405
13 0.948125 0.078125 0.01372844827586217 0.07122844827586206
05 0.29125 0.245 0.0173863636363637 0.032386363636363685
04 0.8043750000000001 0.061875 0.031235795454545356 0.028735795454545444
13 0.31 0.7575000000000001 0.024969512195122 0.06746951219512198
10 0.041874999999999996 0.571875 0.018732142857142857 0.016232142857142806
05 0.160625 0.5 0.018737500000000018 0.0324875
