07 0.5125 0.27812499999999996 0.04998355263157894 0.031233552631578954
06 0.47875 0.1175 0.03749161073825502 0.024991610738255052
03 0.38187499999999996 0.811864224137931 0.02620689655172409 0.028728448275862073
04 0.846875 0.518125 0.021244444444444288 0.016244444444444395
03 0.5225 0.10250000000000001 0.02248809523809525 0.02498809523809524
06 0.0675 0.62625 0.05499297752808989 0.07499297752808987
06 0.649375 0.148125 0.056245098039215624 0.05374509803921569
03 0.594385775862069 0.12625 0.043728448275861975 0.04245689655172413
14 0.1925 0.436875 0.022478448275862067 0.031228448275862075
08 0.25125 0.6668750000000001 0.042386363636363666 0.026136363636363735
14 0.2 0.464375 0.039985795454545475 0.026235795454545463
11 0.489375 0.36375 0.023719512195121972 0.017469512195121994
04 0.32875 0.2375 0.02498214285714284 0.017482142857142835
11 0.209375 0.8975 0.028737500000000027 0.019987500000000047
