03 0.941875 0.6799999999999999 0.043733552631578965 0.047483552631578996
03 0.26125 0.615625 0.027491610738255068 0.028741610738254986
18 0.79 0.10625000000000001 0.02495689655172406 0.027456896551724133
13 0.96625 0.963125 0.012494444444444253 0.031244444444444408
06 0.139375 0.48812500000000003 0.06873809523809525 0.09873809523809524
00 0.37875000000000003 0.350625 0.04249297752808984 0.03874297752808986
15 0.22999999999999998 0.485625 0.0174950980392157 0.018745098039215702
03 0.233125 0.83375 0.023706896551724144 0.06745689655172415
20 0.040624999999999994 0.451875 0.01872844827586207 0.016228448275862062
03 0.969375 0.929375 0.028636363636363793 0.08363636363636373
