06 0.530625 0.878125 0.11373355263157886 0.1612335526315789
14 0.269375 0.861875 0.05624161073825504 0.06874161073825491
14 0.698125 0.77875 0.07870689655172414 0.029956896551724177
14 0.6025 0.6 0.05499444444444446 0.03499444444444455
12 0.751875 0.709375 0.06873809523809515 0.09373809523809506
18 0.18375 0.7925 0.039992977528089835 0.04249297752808978
19 0.19687500000000002 0.66125 0.0462450980392157 0.07499509803921578
13 0.32437499999999997 0.231875 0.13370689655172413 0.03120689655172415
03 0.21875 0.17812499999999998 0.062478448275862075 0.04372844827586206
19 0.798125 0.911875 0.06613636363636377 0.036136363636363744
04 0.645 0.86875 0.05998579545454541 0.03998579545454528
01 0.221875 0.188125 0.04121951219512196 0.03871951219512196
03 0.099375 0.669375 0.04623214285714286 0.06373214285714279
