09 0.721875 0.17125 0.043733552631578854 0.02748355263157895
20 0.345 0.1 0.022491610738255063 0.019991610738255047
18 0.9075 0.895 0.019956896551724168 0.022456896551724115
00 0.19687500000000002 0.723125 0.021244444444444427 0.013744444444444337
03 0.5081279761904762 0.788125 0.03624404761904765 0.03373809523809512
14 0.444375 0.10062499999999999 0.028742977528089853 0.021242977528089887
14 0.6112500000000001 0.553125 0.01999509803921573 0.028745098039215655
03 0.9725 0.745 0.01745689655172411 0.03745689655172413
16 0.8362499999999999 0.37625 0.03747844827586222 0.034978448275862106
11 0.39125 0.9043749999999999 0.024886363636363595 0.018636363636363673
03 0.179375 0.829375 0.05123579545454546 0.026235795454545352
