03 0.42625 0.359375 0.019983552631578916 0.016233552631578885
14 0.6487499999999999 0.42562500000000003 0.022491610738255008 0.02124161073825509
11 0.7024999999999999 0.670625 0.022456896551724115 0.018706896551724084
03 0.1125 0.906875 0.03749444444444447 0.026244444444444293
04 0.723125 0.16812500000000002 0.023738095238095114 0.018738095238095248
11 0.5387500000000001 0.744375 0.019992977528089928 0.018742977528089844
07 0.950625 0.028125000000000004 0.021245098039215704 0.02874509803921569
09 0.985 0.256875 0.014956896551724164 0.02120689655172414
03 0.841875 0.6300000000000001 0.011228448275862224 0.049978448275862175
01 0.7825 0.490625 0.014886363636363753 0.01613636363636356
08 0.09375 0.455625 0.03998579545454546 0.018735795454545512
20 0.6543749999999999 0.16250000000000003 0.018719512195121912 0.014969512195121965
20 0.923125 0.64375 0.018732142857142864 0.019982142857142837
