15 0.161875 0.5393749999999999 0.021233552631578972 0.023733552631578836
19 0.9825 0.93875 0.012491610738254888 0.009991610738254941
03 0.195 0.16125 0.014956896551724136 0.019956896551724113
08 0.55625 0.0325 0.027494444444444488 0.014994444444444442
14 0.905625 0.7375 0.021238095238095056 0.012488095238095132
12 0.9237500000000001 0.895 0.019992977528089928 0.022492977528089875
03 0.850625 0.7250000000000001 0.02374509803921565 0.032495098039215686
01 0.805625 0.79875 0.01370689655172408 0.01745689655172411
06 0.389375 0.7375 0.016228448275862062 0.0174784482758622
04 0.39625 0.40375 0.022386363636363593 0.022386363636363593
