02 0.78625 0.2125 0.019983552631578805 0.034983552631578985
10 0.4475 0.949375 0.01749161073825506 0.021241610738254924
14 0.44375 0.31562500000000004 0.009956896551724104 0.023706896551724144
01 0.171875 0.239375 0.018744444444444452 0.01374444444444442
10 0.9468749999999999 0.961875 0.021238095238095167 0.021238095238095167
12 0.370625 0.941875 0.031242977528089855 0.03374297752808986
03 0.305 0.41000000000000003 0.014995098039215726 0.022495098039215733
11 0.26375 0.09375 0.022456896551724115 0.01995689655172414
07 0.7437446120689655 0.218125 0.03498922413793115 0.013728448275862087
03 0.861875 0.226875 0.021136363636363842 0.02613636363636368
04 0.445625 0.6187499999999999 0.026235795454545463 0.027485795454545436
06 0.7350076219512195 0.115 0.03498475609756091 0.054969512195121945
18 0.26375 0.81125 0.014982142857142833 0.01748214285714278
