14 0.959375 0.31125 0.026233552631578894 0.042483552631578936
06 0.273125 0.18375000000000002 0.06874161073825505 0.03499161073825505
14 0.92625 0.070625 0.02745689655172412 0.021206896551724135
06 0.640625 0.6012500000000001 0.016244444444444395 0.049994444444444563
03 0.363125 0.86625 0.01123809523809527 0.027488095238095145
00 0.03625 0.73 0.024992977528089887 0.022492977528089875
06 0.395625 0.848125 0.013745098039215697 0.018745098039215646
03 0.711875 0.025625000000000002 0.011206896551724133 0.013706896551724138
19 0.45875 0.445625 0.009978448275862029 0.008728448275862055
06 0.379375 0.5237499999999999 0.046136363636363587 0.03488636363636355
18 0.08937500000000001 0.985625 0.013735795454545466 0.016235795454545343
06 0.3812576219512195 0.948125 0.017484756097561005 0.011219512195121961
