20 0.5606249999999999 0.8912500000000001 0.018733552631578942 0.019983552631578916
10 0.69875 0.87375 0.01999161073825495 0.01999161073825495
14 0.5862499999999999 0.36375 0.019956896551724168 0.03745689655172413
01 0.69625 0.37687499999999996 0.017494444444444368 0.018744444444444508
06 0.9181250000000001 0.6343749999999999 0.041238095238095185 0.03623809523809529
03 0.1525 0.48812500000000003 0.019992977528089872 0.041242977528089864
03 0.230625 0.299375 0.021245098039215704 0.03374509803921566
08 0.8125 0.69125 0.029956896551724066 0.03745689655172413
03 0.31125 0.136875 0.027478448275862044 0.056228448275862083
19 0.81875 0.373125 0.022386363636363704 0.033636363636363575
