12 0.408125 0.166875 0.026233552631578894 0.02873355263157898
03 0.533125 0.7193750000000001 0.03624161073825505 0.026241610738254928
03 0.63 0.22625 0.012456896551724217 0.014956896551724136
04 0.431875 0.965 0.026244444444444515 0.022494444444444373
03 0.7768720238095237 0.575625 0.028744047619047586 0.021238095238095167
04 0.838125 0.56125 0.026242977528089906 0.02499297752808982
20 0.743125 0.08625 0.02624509803921571 0.027495098039215696
11 0.22812500000000002 0.979375 0.02870689655172412 0.018706896551724084
02 0.85875 0.851875 0.042478448275862224 0.0437284482758622
04 0.97125 0.250625 0.024886363636363762 0.021136363636363675
10 0.466875 0.385625 0.02123579545454546 0.018735795454545512
20 0.083125 0.20625 0.01871951219512194 0.01996951219512197
04 0.395625 0.079375 0.028732142857142873 0.018732142857142864
19 0.1375 0.294375 0.02248750000000002 0.023737499999999967
