03 0.6000000000000001 0.034375 0.039983552631578934 0.036233552631578944
08 0.9624999999999999 0.620625 0.017491610738254892 0.0337416107382551
11 0.027500000000000004 0.27749999999999997 0.02745689655172414 0.027456896551724175
06 0.299375 0.574375 0.026244444444444404 0.036244444444444524
12 0.84875 0.750625 0.062488095238095065 0.031238095238095065
11 0.109375 0.09625 0.038742977528089875 0.032492977528089884
13 0.831875 0.826875 0.038745098039215664 0.06624509803921574
15 0.494375 0.354375 0.01870689655172414 0.013706896551724135
05 0.6168750000000001 0.9043749999999999 0.026228448275862015 0.026228448275862237
18 0.888125 0.16062500000000002 0.02363636363636379 0.026136363636363652
01 0.39749999999999996 0.504375 0.03498579545454544 0.031235795454545467
20 0.5875 0.91625 0.019969512195121997 0.014969512195121992
18 0.95 0.13624999999999998 0.022482142857142784 0.02498214285714287
03 0.854375 0.9475 0.04123750000000004 0.039987500000000065
