19 0.5800000000000001 0.09874999999999999 0.07998355263157897 0.07498355263157894
08 0.6174999999999999 0.46062499999999995 0.069991610738255 0.033741610738255046
05 0.628125 0.05374999999999999 0.06370689655172412 0.07245689655172413
03 0.036250000000000004 0.776875 0.032494444444444444 0.0837444444444444
03 0.8706279761904763 0.098125 0.03374404761904748 0.06873809523809524
01 0.551875 0.340625 0.10374297752808981 0.07624297752808984
06 0.33999999999999997 0.708125 0.21249509803921568 0.056245098039215735
05 0.66625 0.425 0.039956896551724075 0.06745689655172415
09 0.2925 0.71875 0.08997844827586207 0.03997844827586228
15 0.11374999999999999 0.723125 0.07988636363636363 0.04863636363636381
06 0.44937499999999997 0.7875000000000001 0.021235795454545514 0.17748579545454535
15 0.8106249999999999 0.075 0.04621951219512199 0.04746951219512194
04 0.09562500000000002 0.11499999999999999 0.06123214285714286 0.04748214285714286
