14 0.198125 0.431875 0.02873355263157898 0.051233552631578916
03 0.11 0.435 0.014991610738255057 0.05499161073825509
10 0.2975 0.67875 0.03745689655172413 0.02745689655172412
00 0.09062500000000001 0.296875 0.04124444444444446 0.031244444444444408
01 0.235625 0.725 0.0437380952380953 0.02998809523809509
14 0.2 0.735 0.042492977528089865 0.03249297752808977
03 0.44937499999999997 0.7506250000000001 0.03624509803921566 0.031245098039215713
06 0.908760775862069 0.881875 0.06497844827586208 0.06120689655172418
14 0.48625 0.749375 0.04497844827586206 0.0437284482758622
12 0.341875 0.9325 0.0586363636363636 0.049886363636363784
04 0.451875 0.176875 0.038735795454545474 0.03623579545454547
10 0.17562500000000003 0.5275 0.04121951219512196 0.03246951219512195
03 0.865 0.301875 0.014982142857142833 0.028732142857142873
20 0.7350000000000001 0.061875 0.027487499999999998 0.01873749999999999
