05 0.864375 0.6637500000000001 0.043733552631578965 0.08248355263157892
03 0.219375 0.27749999999999997 0.03624161073825505 0.019991610738255006
03 0.103125 0.819375 0.031206896551724136 0.1012068965517241
14 0.473125 0.416875 0.04874444444444448 0.05124444444444454
20 0.48687499999999995 0.095625 0.03123809523809523 0.026238095238095227
18 0.4625 0.8975 0.04249297752808984 0.04499297752808984
18 0.6131249999999999 0.25187499999999996 0.04374509803921567 0.04624509803921567
10 0.7418750000000001 0.755625 0.07620689655172408 0.06370689655172412
03 0.15687500000000001 0.7050000000000001 0.07372844827586207 0.02747844827586221
00 0.34375 0.6356250000000001 0.05488636363636362 0.03863636363636369
