08 0.820625 0.395 0.026233552631578894 0.017483552631578914
18 0.8025 0.39375 0.03499161073825485 0.03749161073825502
18 0.83375 0.49062500000000003 0.029956896551724066 0.03120689655172415
02 0.22375 0.5393749999999999 0.07749444444444442 0.06624444444444444
19 0.84375 0.470625 0.037488095238095154 0.06873809523809526
20 0.199375 0.8200000000000001 0.03874297752808986 0.039992977528089946
03 0.784375 0.849375 0.06374509803921569 0.06624509803921574
20 0.356875 0.9650000000000001 0.04120689655172416 0.029956896551724177
20 0.961875 0.620625 0.046228448275862255 0.028728448275862073
03 0.555625 0.6668750000000001 0.04613636363636353 0.026136363636363735
04 0.8668750000000001 0.903125 0.04623579545454526 0.051235795454545374
15 0.26375 0.515625 0.054969512195122 0.038719512195121986
00 0.22625 0.5349999999999999 0.05498214285714287 0.049982142857142864
10 0.09875 0.6275 0.03498750000000002 0.03748750000000001
