04 0.15875 0.516875 0.02748355263157895 0.02123355263157889
03 0.366875 0.831875 0.013741610738255083 0.04374161073825489
02 0.91625 0.5175 0.08245689655172406 0.02745689655172412
01 0.604375 0.7262500000000001 0.026244444444444515 0.019994444444444315
04 0.230625 0.6225 0.016238095238095274 0.019988095238095194
18 0.879375 0.563125 0.016242977528089897 0.018742977528089844
03 0.45 0.294375 0.052495098039215704 0.021245098039215704
15 0.08562499999999999 0.590625 0.016206896551724137 0.011206896551724133
07 0.379375 0.161875 0.028728448275862073 0.028728448275862073
03 0.255 0.20500000000000002 0.009886363636363638 0.03988636363636369
18 0.620625 0.45375 0.018735795454545512 0.019985795454545485
06 0.39625 0.575625 0.04246951219512196 0.061219512195121895
