12 0.721875 0.07375 0.0362335526315789 0.03498355263157895
08 0.065625 0.6356249999999999 0.011241610738255033 0.021241610738255035
20 0.090625 0.045625 0.023706896551724144 0.018706896551724146
04 0.19875 0.91125 0.027494444444444432 0.027494444444444266
03 0.766875 0.5375000000000001 0.028738095238095118 0.027488095238095256
14 0.91875 0.47875 0.03499297752808983 0.012492977528089866
20 0.574375 0.808125 0.018745098039215646 0.0162450980392157
01 0.1775 0.27749999999999997 0.022456896551724143 0.024956896551724117
17 0.1775 0.14875 0.03747844827586208 0.039978448275862055
18 0.67625 0.879375 0.019886363636363757 0.02113636363636373
02 0.6775 0.195 0.029985795454545272 0.017485795454545455
20 0.271875 0.79625 0.02121951219512197 0.01746951219512205
