03 0.143125 0.6925 0.021233552631578945 0.05998355263157884
01 0.18312499999999998 0.395 0.016241610738255058 0.014991610738255057
09 0.513125 0.74 0.023706896551724088 0.039956896551724075
12 0.46187500000000004 0.8275 0.04124444444444447 0.07499444444444436
01 0.83125 0.38375000000000004 0.029988095238095203 0.024988095238095254
12 0.5662499999999999 0.6112500000000001 0.03499297752808983 0.047492977528089786
14 0.714375 0.7462500000000001 0.018745098039215646 0.02999509803921574
01 0.89125 0.07375 0.01745689655172411 0.014956896551724136
06 0.16625 0.811875 0.03747844827586208 0.01372844827586217
06 0.116875 0.548125 0.08363636363636363 0.10113636363636358
