05 0.5575 0.505625 0.019983552631578805 0.04623355263157891
04 0.5549999999999999 0.5018750000000001 0.034991610738254963 0.04124161073825505
14 0.185 0.19 0.06495689655172412 0.02995689655172412
10 0.9025000000000001 0.12187500000000001 0.029994444444444324 0.026244444444444473
03 0.06937499999999999 0.831875 0.02373809523809524 0.01873809523809511
05 0.325625 0.6668750000000001 0.04624297752808981 0.03374297752808986
01 0.673125 0.8356250000000001 0.03624509803921572 0.028745098039215766
06 0.835 0.048125 0.08495689655172411 0.013706896551724149
06 0.45125000000000004 0.91875 0.03247844827586205 0.11997844827586224
06 0.388125 0.073125 0.0636363636363636 0.01613636363636363
10 0.274375 0.6425 0.031235795454545467 0.027485795454545325
15 0.31437499999999996 0.63125 0.048719512195121994 0.022469512195121943
03 0.875 0.430625 0.07498214285714289 0.05623214285714284
