03 0.043125000000000004 0.35375 0.013733552631578952 0.03498355263157893
14 0.323125 0.2825 0.01624161073825503 0.01749161073825506
03 0.7656357758620689 0.8518749999999999 0.01372844827586206 0.02120689655172414
18 0.735 0.06625 0.01499444444444431 0.017494444444444437
07 0.3118779761904762 0.626875 0.006244047619047621 0.031238095238095287
10 0.34625 0.733125 0.019992977528089817 0.018742977528089844
03 0.47125 0.355 0.01999509803921573 0.019995098039215675
12 0.69125 0.92125 0.024956896551724173 0.029956896551724066
03 0.098125 0.109375 0.016228448275862062 0.02622844827586207
04 0.093125 0.0475 0.018636363636363645 0.01738636363636363
20 0.9043749999999999 0.421875 0.021235795454545348 0.023735795454545516
14 0.47 0.411875 0.022469512195122 0.03371951219512198
06 0.37625 0.6231249999999999 0.052482142857142866 0.06873214285714291
