03 0.389375 0.569375 0.07373355263157894 0.031233552631578898
05 0.036875 0.495 0.043741610738255034 0.034991610738255075
14 0.333125 0.78375 0.02120689655172414 0.02745689655172423
06 0.389375 0.47375 0.11624444444444454 0.09249444444444449
04 0.266875 0.635 0.036238095238095264 0.037488095238095265
10 0.805625 0.913125 0.03124297752808991 0.023742977528089848
03 0.76125 0.8587499999999999 0.022495098039215677 0.06249509803921571
04 0.668125 0.215625 0.046206896551724164 0.03620689655172413
10 0.595 0.036250000000000004 0.03747844827586211 0.03997844827586207
06 0.70375 0.880625 0.0848863636363637 0.026136363636363735
