12 0.31124999999999997 0.920625 0.07998355263157897 0.08623355263157895
01 0.874375 0.38 0.036241610738254826 0.03749161073825502
03 0.86875 0.299375 0.049956896551724084 0.09120689655172409
16 0.5237499999999999 0.7481249999999999 0.07499444444444447 0.06874444444444439
07 0.789375 0.5137499999999999 0.028738095238095118 0.10248809523809521
14 0.9143749999999999 0.85375 0.05874297752808977 0.06749297752808991
15 0.15812500000000002 0.68375 0.0462450980392157 0.03749509803921569
15 0.906875 0.56 0.061206896551724066 0.07745689655172405
20 0.516875 0.790625 0.05122844827586204 0.03122844827586224
11 0.66875 0.49375 0.05238636363636373 0.04988636363636362
13 0.386875 0.521875 0.09373579545454547 0.1312357954545455
12 0.775625 0.468125 0.0662195121951219 0.0687195121951219
07 0.8206249999999999 0.865 0.06373214285714279 0.06248214285714282
