07 0.748125 0.68625 0.0362335526315789 0.017483552631578858
03 0.345625 0.799375 0.021241610738255035 0.03124161073825482
15 0.59625 0.894375 0.019956896551724168 0.05620689655172417
08 0.8875 0.3125 0.04249444444444428 0.017494444444444424
01 0.24875000000000003 0.460625 0.0424880952380953 0.031238095238095287
14 0.47562499999999996 0.674375 0.02624297752808985 0.018742977528089955
20 0.075 0.395 0.014995098039215699 0.012495098039215724
06 0.16999999999999998 0.56875 0.024956896551724145 0.024956896551724173
03 0.290625 0.894375 0.018728448275862064 0.0437284482758622
15 0.90375 0.7050000000000001 0.014886363636363753 0.0173863636363637
07 0.9762535511363637 0.144375 0.03749289772727271 0.041235795454545476
20 0.0275 0.305625 0.03246951219512195 0.026219512195121975
