10 0.635 0.756875 0.014983552631578911 0.018733552631578942
14 0.600625 0.048125 0.011241610738255026 0.028741610738255027
03 0.76625 0.45375 0.01745689655172411 0.024956896551724117
03 0.6018749999999999 0.08875 0.011244444444444501 0.017494444444444465
08 0.78625 0.221875 0.017488095238095136 0.02123809523809525
18 0.26375000000000004 0.19125 0.009992977528089864 0.012492977528089866
07 0.89625 0.181875 0.007495098039215664 0.06874509803921569
16 0.038125000000000006 0.911875 0.02620689655172414 0.03120689655172404
19 0.22499999999999998 0.030625 0.009978448275862056 0.02122844827586207
03 0.12625 0.736875 0.024886363636363637 0.03863636363636369
03 0.33625 0.27875 0.017485795454545427 0.019985795454545485
