02 0.051875000000000004 0.801875 0.04373355263157895 0.07623355263157894
20 0.35375 0.32125000000000004 0.034991610738255075 0.027491610738255068
03 0.524375 0.9475 0.058706896551724175 0.03745689655172413
03 0.17312499999999997 0.745625 0.03374444444444444 0.016244444444444284
13 0.43437499999999996 0.306875 0.09123809523809528 0.08373809523809528
08 0.431875 0.203125 0.021242977528089846 0.04874297752808987
04 0.43062500000000004 0.268125 0.041245098039215666 0.03374509803921566
04 0.924375 0.323125 0.03870689655172421 0.04120689655172416
03 0.95 0.1575 0.05247844827586212 0.06497844827586208
03 0.705 0.3275 0.029886363636363766 0.024886363636363595
12 0.330625 0.4175 0.058735795454545436 0.049985795454545456
10 0.20750000000000002 0.911875 0.03246951219512198 0.026219512195121975
18 0.556875 0.519375 0.02373214285714287 0.026232142857142815
04 0.724375 0.07250000000000001 0.03873750000000009 0.03248750000000001
