06 0.936875 0.18937500000000002 0.013733552631578938 0.15873355263157896
10 0.12062500000000001 0.24 0.03374161073825506 0.024991610738255038
04 0.505625 0.6681250000000001 0.05370689655172417 0.03120689655172415
03 0.90125 0.1275 0.037494444444444275 0.02249444444444447
06 0.788125 0.23312499999999997 0.04623809523809508 0.036238095238095264
20 0.234375 0.8956249999999999 0.03624297752808983 0.03374297752808986
05 0.36375 0.305 0.0474950980392157 0.032495098039215686
14 0.6174999999999999 0.6156250000000001 0.049956896551724195 0.06370689655172412
19 0.150625 0.329375 0.021228448275862066 0.031228448275862075
11 0.51 0.10062499999999999 0.047386363636363615 0.041136363636363624
20 0.7150000000000001 0.234375 0.029985795454545383 0.026235795454545463
03 0.721875 0.5974999999999999 0.053719512195122054 0.12246951219512192
