06 0.62375 0.60125 0.04998355263157894 0.0674835526315789
06 0.10125 0.821875 0.014991610738255043 0.031241610738254932
01 0.599375 0.5625 0.016206896551724137 0.012456896551724217
06 0.48875 0.796875 0.12999444444444452 0.013744444444444337
07 0.6893750000000001 0.5918749999999999 0.01623809523809505 0.051238095238095194
12 0.891875 0.635 0.03874297752808986 0.06999297752808986
03 0.260625 0.5325 0.02374509803921568 0.02999509803921574
06 0.474385775862069 0.640625 0.05372844827586204 0.04370689655172422
03 0.7268696120689655 0.8300000000000001 0.05623922413793114 0.04747844827586223
13 0.1275 0.365 0.11488636363636366 0.024886363636363595
01 0.03937499999999999 0.113125 0.02123579545454545 0.01873579545454547
06 0.650625 0.321875 0.016219512195121966 0.04371951219512199
20 0.14625 0.5137499999999999 0.029982142857142846 0.019982142857142837
03 0.650625 0.393125 0.043737499999999985 0.033737499999999976
