11 0.9568749999999999 0.34375 0.02873355263157895 0.027483552631578867
03 0.32125000000000004 0.95875 0.03499161073825502 0.04499161073825486
04 0.47125 0.47250000000000003 0.019956896551724168 0.017456896551724166
20 0.35562499999999997 0.7987500000000001 0.021244444444444455 0.017494444444444368
03 0.79 0.895625 0.027488095238095145 0.021238095238095056
00 0.6525000000000001 0.10250000000000001 0.03499297752808983 0.029992977528089895
12 0.79 0.40812499999999996 0.03499509803921563 0.061245098039215684
14 0.22875 0.05499999999999999 0.014956896551724136 0.02745689655172414
17 0.7424999999999999 0.603125 0.02747844827586221 0.03122844827586202
03 0.56375 0.8556250000000001 0.037386363636363606 0.0336363636363638
06 0.08125000000000002 0.935 0.03748579545454546 0.012485795454545312
08 0.7106250000000001 0.750625 0.02871951219512192 0.04871951219512205
