04 0.12625 0.7793749999999999 0.01998355263157893 0.018733552631578942
03 0.25 0.2875 0.014991610738255057 0.027491610738255068
05 0.22125 0.464375 0.019956896551724113 0.023706896551724144
18 0.0275 0.71 0.014994444444444442 0.017494444444444368
19 0.08687500000000001 0.660625 0.02623809523809524 0.013738095238095105
10 0.888125 0.075 0.01374297752808984 0.012492977528089894
03 0.273125 0.5575 0.038745098039215664 0.0474950980392157
14 0.8225 0.153125 0.014956896551724164 0.023706896551724116
01 0.971875 0.168125 0.011228448275862224 0.011228448275862057
03 0.106875 0.298125 0.023636363636363636 0.01613636363636367
20 0.5825 0.61 0.01498579545454548 0.01748579545454554
06 0.43062500000000004 0.459375 0.013719512195121963 0.04621951219512194
20 0.05062499999999999 0.221875 0.02123214285714286 0.016232142857142834
