18 0.985625 0.6225 0.02123355263157889 0.022483552631578863
01 0.215625 0.911875 0.023741610738255065 0.021241610738254924
10 0.21375 0.933125 0.022456896551724115 0.02120689655172414
00 0.7025 0.055625 0.022494444444444373 0.01874444444444444
03 0.5912499999999999 0.08812500000000001 0.09998809523809515 0.04373809523809523
04 0.7749999999999999 0.6881250000000001 0.032492977528089884 0.023742977528089848
03 0.7275 0.058750000000000004 0.03999509803921575 0.027495098039215696
17 0.703125 0.44375 0.028706896551724093 0.034956896551724126
12 0.455625 0.40125 0.03372844827586208 0.039978448275862055
20 0.101875 0.6425000000000001 0.023636363636363636 0.0173863636363637
10 0.509375 0.46625 0.036235795454545416 0.029985795454545494
18 0.027499999999999997 0.9043749999999999 0.01996951219512195 0.023719512195122028
09 0.50375 0.46375 0.03498214285714285 0.03248214285714279
20 0.52 0.025625000000000002 0.019987500000000047 0.016237500000000002
