04 0.7849999999999999 0.80875 0.03248355263157887 0.02498355263157892
03 0.180625 0.5 0.02874161073825504 0.029991610738255015
04 0.355 0.936875 0.03995689655172413 0.03370689655172421
13 0.506875 0.745625 0.11374444444444454 0.031244444444444408
03 0.8300000000000001 0.4525 0.012488095238095132 0.0699880952380953
03 0.06625 0.7962499999999999 0.05499297752808988 0.03499297752808983
05 0.97 0.775625 0.03999509803921564 0.023745098039215762
04 0.35375 0.77 0.02995689655172412 0.029956896551724066
13 0.685625 0.2287446120689655 0.09872844827586214 0.049989224137931054
04 0.694375 0.9775 0.03113636363636374 0.022386363636363704
03 0.606875 0.6625 0.051235795454545374 0.054985795454545405
04 0.604375 0.378125 0.02121951219512197 0.02121951219512197
03 0.12187500000000001 0.38 0.02123214285714288 0.029982142857142846
11 0.818125 0.5237499999999999 0.04623749999999993 0.022487500000000105
