08 0.38875000000000004 0.095 0.03248355263157893 0.027483552631578936
19 0.821875 0.141875 0.03374161073825488 0.021241610738255035
03 0.555625 0.13874999999999998 0.028706896551724093 0.05995689655172412
03 0.40125 0.48875 0.01749444444444448 0.0399944444444445
13 0.931875 0.8006249999999999 0.031238095238095065 0.09873809523809507
10 0.9256249999999999 0.37124999999999997 0.0212429775280899 0.019992977528089872
11 0.249375 0.473125 0.03624509803921572 0.03624509803921566
07 0.49812500000000004 0.64375 0.01870689655172414 0.029956896551724177
19 0.6025 0.7225 0.037478448275862 0.022478448275862206
08 0.09062500000000001 0.740625 0.023636363636363636 0.0386363636363638
01 0.6575 0.3875 0.027485795454545325 0.027485795454545436
02 0.239375 0.13687500000000002 0.07121951219512201 0.06121951219512198
07 0.055625 0.971875 0.06123214285714286 0.028732142857142873
