05 0.11250411184210526 0.84625 0.019991776315789467 0.039983552631578934
05 0.50875 0.6543749999999999 0.017491610738255114 0.038741610738254995
04 0.02375 0.8975 0.03245689655172414 0.022456896551724115
03 0.25187499999999996 0.22125 0.028744444444444406 0.04499444444444445
03 0.796875 0.54625 0.01873809523809511 0.0824880952380953
19 0.73 0.534375 0.029992977528089826 0.036242977528089804
10 0.626875 0.29874999999999996 0.02624509803921571 0.02499509803921568
03 0.836875 0.09875 0.018706896551724195 0.027456896551724133
10 0.8325 0.78375 0.0174784482758622 0.0174784482758622
07 0.901903409090909 0.84 0.026193181818181865 0.03238636363636371
20 0.791875 0.361875 0.01873579545454529 0.018735795454545512
05 0.8525 0.668125 0.03246951219512195 0.02121951219512197
06 0.90125 0.980625 0.01748214285714278 0.026232142857142815
