03 0.47875 0.556875 0.0699835526315789 0.05873355263157887
03 0.31125 0.299375 0.03499161073825502 0.09374161073825504
20 0.3375 0.476875 0.02745689655172412 0.02120689655172414
18 0.6056250000000001 0.8143750000000001 0.023744444444444457 0.026244444444444404
15 0.09937499999999999 0.901875 0.038738095238095224 0.04373809523809513
03 0.625 0.32625000000000004 0.03249297752808977 0.03249297752808983
09 0.313125 0.339375 0.03624509803921572 0.033745098039215715
10 0.559375 0.69875 0.03120689655172415 0.024956896551724173
07 0.2525 0.14875 0.04497844827586206 0.029978448275862074
05 0.906875 0.39125 0.023636363636363678 0.037386363636363606
04 0.38375000000000004 0.48875 0.03998579545454545 0.024985795454545434
12 0.8575 0.8500000000000001 0.04246951219512196 0.047469512195121966
