18 0.46 0.15 0.019983552631578916 0.022483552631578918
06 0.636875 0.834375 0.0637416107382549 0.07624161073825486
06 0.38 0.241875 0.09995689655172413 0.08370689655172414
03 0.8175 0.106875 0.022494444444444373 0.05124444444444447
03 0.57125 0.4425 0.03498809523809532 0.03998809523809527
03 0.814375 0.964375 0.03874297752808986 0.046242977528089924
03 0.43562500000000004 0.16562500000000002 0.018745098039215702 0.041245098039215694
09 0.6325000000000001 0.454375 0.049956896551724195 0.028706896551724148
17 0.799375 0.03375 0.0487284482758622 0.04997844827586207
14 0.691875 0.33999999999999997 0.026136363636363735 0.024886363636363595
03 0.8512500000000001 0.9156249999999999 0.029985795454545383 0.07623579545454529
11 0.07 0.076875 0.03746951219512194 0.03621951219512195
