03 0.9425 0.083125 0.03998355263157882 0.048733552631578955
19 0.48 0.481875 0.03999161073825502 0.023741610738255092
03 0.766875 0.8887499999999999 0.06120689655172418 0.029956896551724177
20 0.66875 0.8625 0.02499444444444443 0.017494444444444368
20 0.41625 0.329375 0.03248809523809526 0.028738095238095285
03 0.05437499999999999 0.3475 0.03874297752808988 0.05499297752808985
03 0.191875 0.07125000000000001 0.06624509803921569 0.029995098039215698
03 0.156875 0.25187499999999996 0.09120689655172412 0.07120689655172413
18 0.64375 0.18 0.024978448275862153 0.027478448275862072
06 0.59625 0.905 0.04238636363636361 0.014886363636363753
06 0.4175035511363636 0.08625000000000001 0.06749289772727274 0.027485795454545464
03 0.175 0.82375 0.014969512195121965 0.04996951219512202
13 0.10375000000000001 0.38249999999999995 0.05498214285714287 0.06498214285714282
03 0.421875 0.95375 0.036237500000000034 0.04248750000000001
