08 0.323125 0.6074999999999999 0.01623355263157894 0.0624835526315789
00 0.141875 0.655625 0.03624161073825505 0.028741610738254986
14 0.25 0.468125 0.02745689655172412 0.06620689655172418
04 0.44625000000000004 0.54125 0.0399944444444445 0.027494444444444488
00 0.2275 0.5843750000000001 0.029988095238095258 0.026238095238095283
08 0.640625 0.733125 0.04124297752808981 0.05874297752808988
16 0.619375 0.13625 0.04874509803921567 0.04249509803921571
09 0.260625 0.044375000000000005 0.031206896551724123 0.03870689655172414
14 0.853125 0.50125 0.046228448275862144 0.029978448275862046
01 0.918125 0.864375 0.03113636363636374 0.028636363636363793
04 0.030625 0.28812499999999996 0.03623579545454545 0.02373579545454546
03 0.80125 0.38125 0.024969512195122 0.04496951219512196
06 0.560625 0.593125 0.01373214285714286 0.04623214285714283
