09 0.461875 0.04875 0.0362335526315789 0.02748355263157895
08 0.40625 0.56375 0.03749161073825502 0.05499161073825509
11 0.42374999999999996 0.210625 0.02995689655172412 0.02120689655172414
06 0.476875 0.6925 0.016244444444444506 0.029994444444444435
01 0.12875 0.7875000000000001 0.024988095238095254 0.02248809523809514
20 0.7887500000000001 0.166875 0.032492977528089884 0.023742977528089876
19 0.21625 0.6681250000000001 0.009995098039215694 0.013745098039215642
04 0.56375 0.078125 0.024956896551724173 0.028706896551724134
03 0.63625 0.628125 0.04497844827586206 0.028728448275862073
08 0.35250000000000004 0.361875 0.034886363636363604 0.02863636363636357
