01 0.7424999999999999 0.953125 0.027483552631578978 0.023733552631578947
20 0.6956249999999999 0.21000000000000002 0.028741610738254875 0.019991610738255033
14 0.34625 0.108125 0.029956896551724177 0.033706896551724125
07 0.4525 0.156875 0.044994444444444504 0.07374444444444445
15 0.24875 0.916875 0.03498809523809526 0.048738095238095136
06 0.33875 0.065625 0.01749297752808987 0.023742977528089883
06 0.20375 0.076875 0.024995098039215707 0.02124509803921569
01 0.315 0.723125 0.024956896551724173 0.0237068965517242
14 0.355 0.8474999999999999 0.04747844827586206 0.024978448275862264
19 0.6925 0.5175 0.019886363636363757 0.03738636363636355
