13 0.41312499999999996 0.7875 0.028733552631578896 0.0674835526315789
04 0.34375 0.390625 0.01999161073825506 0.023741610738255092
03 0.621875 0.6975 0.03120689655172415 0.03495689655172418
03 0.294375 0.05499999999999999 0.02874444444444446 0.04499444444444444
06 0.305 0.23625000000000002 0.02248809523809525 0.06748809523809529
14 0.158125 0.8018749999999999 0.02624297752808985 0.023742977528089848
03 0.474375 0.34375 0.04374509803921567 0.022495098039215677
18 0.61 0.6637500000000001 0.01745689655172411 0.019956896551724168
18 0.185 0.48250000000000004 0.019978448275862065 0.02247844827586204
11 0.275625 0.536875 0.023636363636363678 0.018636363636363562
18 0.33375 0.6875 0.019985795454545485 0.022485795454545432
04 0.545625 0.31562500000000004 0.026219512195121975 0.018719512195121968
14 0.085625 0.704375 0.04623214285714286 0.04123214285714283
