16 0.33624999999999994 0.58125 0.03748355263157893 0.057483552631578894
03 0.839375 0.736875 0.031241610738254932 0.03374161073825499
03 0.47 0.12125 0.02245689655172417 0.07495689655172415
16 0.321875 0.8331249999999999 0.04874444444444448 0.02874444444444435
03 0.34875 0.636875 0.029988095238095314 0.048738095238095136
06 0.45937675561797753 0.1075 0.036246488764044904 0.12499297752808988
01 0.5118750000000001 0.081875 0.021245098039215704 0.02124509803921569
20 0.599375 0.83375 0.028706896551724093 0.022456896551724115
06 0.8756303879310344 0.531875 0.02373922413793106 0.028728448275862073
15 0.760625 0.940625 0.02113636363636373 0.016136363636363726
10 0.315 0.75 0.037485795454545445 0.03498579545454539
