08 0.7975 0.075 0.017483552631578858 0.05498355263157895
20 0.295625 0.50375 0.023741610738255037 0.01749161073825506
12 0.649375 0.48624999999999996 0.07370689655172413 0.07995689655172405
06 0.08374999999999999 0.446875 0.004994444444444454 0.1312444444444445
06 0.3974970238095238 0.661875 0.03249404761904767 0.11123809523809525
00 0.130625 0.8656250000000001 0.04124297752808989 0.03374297752808986
07 0.5274987745098039 0.5425 0.057497549019607797 0.02999509803921563
08 0.461875 0.686875 0.06870689655172413 0.0237068965517242
05 0.65375 0.62375 0.024978448275862264 0.05247844827586212
04 0.826875 0.021875 0.033636363636363686 0.026136363636363635
