18 0.88 0.6581250000000001 0.029983552631578814 0.031233552631578898
04 0.5237499999999999 0.351875 0.03749161073825513 0.021241610738255035
03 0.031875 0.36 0.03870689655172414 0.034956896551724126
18 0.2875 0.30374999999999996 0.02499444444444443 0.027494444444444432
07 0.079375 0.921875 0.06623809523809523 0.01873809523809511
09 0.7268749999999999 0.5587500000000001 0.026242977528089795 0.03499297752808983
07 0.043125 0.344375 0.023745098039215685 0.05874509803921568
06 0.12125 0.948125 0.022456896551724115 0.04870689655172411
03 0.161875 0.931875 0.06872844827586208 0.016228448275862117
13 0.21377840909090906 0.38625 0.0849431818181818 0.027386363636363598
11 0.07562500000000001 0.7012499999999999 0.04623579545454546 0.03248579545454533
03 0.830625 0.67125 0.013719512195122019 0.04496951219512191
