18 0.5075000000000001 0.58875 0.022483552631578863 0.02498355263157892
20 0.7618750000000001 0.46625 0.028741610738254875 0.022491610738255008
07 0.5662499999999999 0.555625 0.04495689655172408 0.12620689655172412
13 0.86625 0.081875 0.03249444444444438 0.08374444444444445
10 0.16375 0.483125 0.02248809523809525 0.018738095238095276
18 0.07625000000000001 0.41500000000000004 0.019992977528089886 0.02249297752808982
06 0.355 0.383125 0.009995098039215666 0.09124509803921566
19 0.955625 0.24 0.01370689655172408 0.034956896551724154
08 0.9256249999999999 0.71 0.008728448275862166 0.039978448275862166
03 0.515625 0.10375 0.0661363636363636 0.037386363636363634
15 0.30125 0.948125 0.049985795454545456 0.021235795454545237
10 0.9 0.55 0.022469512195121943 0.022469512195122054
00 0.258125 0.63 0.03373214285714285 0.02748214285714279
05 0.07500000000000001 0.31 0.022487500000000007 0.03498750000000006
