06 0.40812911184210526 0.910625 0.05374177631578947 0.10873355263157891
09 0.675 0.36125 0.029991610738254848 0.02999161073825507
01 0.1825 0.7793749999999999 0.034956896551724126 0.028706896551724204
06 0.6200000000000001 0.48624999999999996 0.03249444444444449 0.044994444444444504
03 0.47875 0.184375 0.017488095238095247 0.06873809523809526
18 0.385 0.76875 0.019992977528089817 0.022492977528089875
00 0.403125 0.37875000000000003 0.03624509803921572 0.029995098039215684
02 0.119375 0.724375 0.033706896551724125 0.02120689655172414
06 0.4187553879310345 0.6175 0.09248922413793104 0.05997844827586207
03 0.944375 0.41812499999999997 0.03113636363636374 0.021136363636363564
