18 0.700625 0.4775 0.01123355263157888 0.014983552631578911
02 0.621875 0.776875 0.01624161073825503 0.02374161073825487
02 0.02 0.5918749999999999 0.014956896551724138 0.028706896551724204
20 0.19875 0.390625 0.014994444444444421 0.016244444444444506
15 0.026875000000000003 0.56 0.018738095238095238 0.017488095238095247
06 0.38687499999999997 0.400625 0.038742977528089806 0.04624297752808987
11 0.525625 0.47750000000000004 0.02624509803921571 0.019995098039215675
13 0.275 0.738125 0.024956896551724117 0.028706896551724093
01 0.046875 0.549375 0.011228448275862057 0.011228448275862113
00 0.89 0.906875 0.019886363636363757 0.018636363636363784
01 0.813125 0.445625 0.016235795454545343 0.02123579545454546
20 0.5825 0.746875 0.01746951219512205 0.018719512195121912
