15 0.41875 0.10875000000000001 0.03498355263157893 0.04248355263157895
00 0.9575 0.936875 0.01999161073825495 0.021241610738254924
07 0.10062499999999999 0.64375 0.04120689655172412 0.019956896551724168
11 0.755 0.6399999999999999 0.029994444444444435 0.03249444444444449
07 0.921875 0.8574999999999999 0.03873809523809513 0.012488095238095132
03 0.513125 0.136875 0.026242977528089795 0.0187429775280899
14 0.39249999999999996 0.2725 0.02499509803921568 0.022495098039215677
07 0.15875 0.06 0.07495689655172412 0.04245689655172413
12 0.38249999999999995 0.4325 0.04247844827586206 0.05497844827586207
03 0.5775 0.6993465909090909 0.03988636363636355 0.018693181818181914
03 0.23625000000000002 0.75875 0.027485795454545464 0.019985795454545374
