20 0.531875 0.11499999999999999 0.033733552631578956 0.03498355263157893
11 0.900625 0.8474999999999999 0.03374161073825488 0.029991610738254848
09 0.13625 0.5018750000000001 0.029956896551724135 0.018706896551724195
18 0.46187500000000004 0.19187500000000002 0.018744444444444508 0.021244444444444427
12 0.778125 0.375625 0.031238095238095176 0.05123809523809525
18 0.784375 0.2925 0.0212429775280899 0.02249297752808982
15 0.08124999999999999 0.39937500000000004 0.01999509803921569 0.008745098039215693
19 0.28 0.6643749999999999 0.03745689655172413 0.023706896551724088
09 0.593125 0.2875 0.036228448275862135 0.024978448275862097
18 0.545 0.09625 0.01738636363636359 0.019886363636363633
00 0.255 0.12687500000000002 0.02498579545454549 0.021235795454545472
08 0.2006173780487805 0.66125 0.046234756097561 0.029969512195122006
01 0.69 0.953125 0.03498214285714274 0.03123214285714293
