03 0.39375000000000004 0.865 0.0649835526315789 0.10248355263157882
01 0.658125 0.8275 0.03374161073825488 0.032491610738254906
04 0.761875 0.790625 0.05620689655172417 0.028706896551724093
13 0.875625 0.72125 0.1512444444444443 0.08249444444444431
19 0.144375 0.9625 0.06373809523809525 0.037488095238095154
03 0.046875 0.92375 0.03624297752808989 0.06999297752808986
20 0.10875000000000001 0.5425 0.02249509803921569 0.014995098039215726
03 0.22186422413793105 0.0775 0.04372844827586206 0.08245689655172414
03 0.303125 0.765625 0.021228448275862066 0.0437284482758622
14 0.95 0.38625 0.06238636363636374 0.03988636363636361
03 0.141875 0.768125 0.09623579545454547 0.058735795454545325
10 0.29312499999999997 0.068125 0.056219512195121946 0.05621951219512195
03 0.19 0.38 0.07748214285714286 0.03498214285714285
08 0.65625 0.05625000000000001 0.02748750000000011 0.08498750000000001
