12 0.27 0.505625 0.03748355263157899 0.08623355263157889
03 0.301875 0.5199979026845638 0.056241610738255066 0.017495805369127537
03 0.37875000000000003 0.42500000000000004 0.13245689655172416 0.08245689655172411
05 0.6825 0.09625 0.039994444444444444 0.029994444444444462
16 0.641875 0.26187499999999997 0.0562380952380952 0.036238095238095236
11 0.670625 0.26749999999999996 0.036242977528089804 0.02999297752808988
03 0.2025 0.36375 0.0849950980392157 0.029995098039215684
07 0.213125 0.45125000000000004 0.04120689655172413 0.09995689655172418
20 0.0925 0.146875 0.03247844827586206 0.03622844827586208
06 0.845 0.91 0.0173863636363637 0.04238636363636372
