03 0.8787499999999999 0.07125 0.05248355263157889 0.02748355263157895
08 0.385625 0.52 0.09124161073825504 0.06249161073825499
03 0.793125 0.8006249999999999 0.08120689655172408 0.07370689655172413
18 0.033125 0.31125 0.03874444444444444 0.042494444444444446
05 0.636875 0.35375 0.031238095238095287 0.06748809523809529
04 0.2975 0.794375 0.05749297752808985 0.04624297752808981
03 0.47875 0.23750000000000002 0.05249509803921565 0.0499950980392157
07 0.15126077586206899 0.70875 0.03997844827586208 0.17745689655172414
20 0.211875 0.548125 0.031228448275862075 0.028728448275862073
05 0.30874999999999997 0.20937499999999998 0.07488636363636364 0.03863636363636366
