06 0.825625 0.766875 0.06623355263157882 0.026233552631578894
03 0.863125 0.366875 0.03374161073825488 0.013741610738255083
20 0.97875 0.074375 0.01745689655172411 0.016206896551724137
05 0.66625 0.48875 0.012494444444444364 0.02499444444444454
10 0.39125 0.3375 0.01998809523809525 0.01998809523809525
12 0.59375 0.618125 0.022492977528089764 0.04124297752808992
11 0.4975 0.754375 0.022495098039215677 0.013745098039215753
13 0.7225 0.11499999999999999 0.04745689655172414 0.08995689655172412
03 0.5137499999999999 0.49 0.03497844827586205 0.019978448275862037
10 0.713125 0.638125 0.018636363636363784 0.013636363636363669
