18 0.52625 0.2225 0.017483552631578858 0.01998355263157897
04 0.7093750000000001 0.32999999999999996 0.038741610738254884 0.03249161073825507
04 0.8825 0.889375 0.02745689655172412 0.0387068965517241
04 0.694375 0.92125 0.03874444444444436 0.04249444444444439
14 0.47562499999999996 0.45125 0.036238095238095236 0.05248809523809528
03 0.82375 0.443125 0.02749297752808988 0.08374297752808985
11 0.7437499999999999 0.10125 0.042495098039215695 0.03999509803921568
07 0.229375 0.04125 0.03870689655172413 0.022456896551724143
07 0.4125 0.095625 0.052478448275862066 0.028728448275862073
13 0.284375 0.9387215909090909 0.11863636363636365 0.039943181818181905
08 0.815625 0.949375 0.031235795454545356 0.058735795454545325
03 0.846875 0.683125 0.06371951219512206 0.03621951219512198
08 0.39625 0.9456249999999999 0.029982142857142846 0.026232142857142926
04 0.045 0.13875 0.0299875 0.03748750000000002
