10 0.9199999999999999 0.22812500000000002 0.009983552631578907 0.011233552631578964
20 0.8075 0.26749999999999996 0.017491610738255003 0.012491610738255055
06 0.7481249999999999 0.5075000000000001 0.02120689655172414 0.017456896551724166
01 0.700625 0.158125 0.016244444444444395 0.01624444444444445
03 0.663125 0.3125 0.021238095238095167 0.019988095238095305
03 0.3425 0.571875 0.017492977528089815 0.016242977528089897
06 0.6131249999999999 0.2125 0.008745098039215748 0.022495098039215677
10 0.378125 0.23125 0.02120689655172414 0.01995689655172414
08 0.028130387931034482 0.35875 0.006239224137931036 0.049978448275862064
08 0.09875 0.555625 0.02988636363636364 0.016136363636363615
18 0.150625 0.14625 0.016235795454545482 0.017485795454545455
06 0.725625 0.936875 0.02121951219512197 0.018719512195122023
14 0.51125 0.045625 0.01748214285714278 0.018732142857142857
18 0.42125 0.285625 0.014987499999999987 0.016237500000000016
