13 0.1975 0.71 0.054983552631578975 0.08998355263157887
14 0.688125 0.24875 0.031241610738254932 0.03249161073825507
20 0.71375 0.466875 0.022456896551724226 0.02120689655172414
02 0.334375 0.17125 0.023744444444444512 0.059994444444444434
06 0.4425029761904762 0.14750000000000002 0.08999404761904761 0.01998809523809522
06 0.62 0.8318749999999999 0.057492977528089906 0.03374297752808986
06 0.704375 0.6074999999999999 0.021245098039215704 0.09249509803921574
04 0.6399999999999999 0.3175 0.022456896551724115 0.024956896551724173
01 0.1275 0.808125 0.024978448275862056 0.021228448275862233
03 0.654375 0.56125 0.04113636363636375 0.03488636363636355
03 0.8843749999999999 0.750625 0.041235795454545365 0.026235795454545352
