04 0.406875 0.865 0.026233552631578894 0.022483552631578974
04 0.825 0.22 0.032491610738254906 0.022491610738255063
15 0.495 0.31562500000000004 0.02245689655172417 0.013706896551724135
07 0.169375 0.484375 0.03624444444444444 0.013744444444444448
18 0.9606250000000001 0.5549999999999999 0.01623809523809505 0.017488095238095247
11 0.6275 0.15875 0.02499297752808982 0.02499297752808985
03 0.54 0.6231249999999999 0.02999509803921574 0.04124509803921572
05 0.506875 0.49375 0.0362068965517241 0.024956896551724173
20 0.774375 0.8456250000000001 0.01372844827586217 0.01622844827586223
03 0.893125 0.606875 0.036136363636363744 0.033636363636363575
