08 0.16062500000000002 0.9312499999999999 0.02623355263157895 0.03248355263157887
15 0.43375209731543624 0.645625 0.012495805369127533 0.028741610738254986
00 0.9075 0.92125 0.01745689655172411 0.01745689655172411
14 0.899375 0.276875 0.021244444444444288 0.02624444444444446
19 0.95875 0.133125 0.019988095238095083 0.023738095238095225
13 0.43875 0.41437500000000005 0.04249297752808984 0.02624297752808985
03 0.59125 0.2975 0.022495098039215677 0.022495098039215677
04 0.51125 0.128125 0.02745689655172412 0.02370689655172413
18 0.16625 0.6499999999999999 0.01497844827586206 0.0174784482758622
03 0.888125 0.29125 0.018636363636363673 0.014886363636363642
03 0.5918714488636363 0.253125 0.028742897727272676 0.03623579545454547
