15 0.22999999999999998 0.06812499999999999 0.03998355263157896 0.05623355263157894
18 0.546875 0.86875 0.03624161073825505 0.03999161073825497
03 0.7831250000000001 0.54375 0.043706896551724106 0.10495689655172413
15 0.85125 0.439375 0.054994444444444346 0.11624444444444448
10 0.66125 0.30125 0.0399880952380951 0.03498809523809526
07 0.629375 0.195625 0.08624297752808985 0.02624297752808985
06 0.405625 0.7418750000000001 0.09624509803921572 0.14874509803921565
01 0.733125 0.7625 0.06370689655172412 0.059956896551724204
09 0.16375 0.214375 0.06747844827586205 0.07872844827586206
03 0.144375 0.5562499999999999 0.04613636363636364 0.06238636363636363
01 0.795625 0.4125 0.048735795454545316 0.04748579545454551
15 0.78125 0.338125 0.08496951219512194 0.03621951219512198
