07 0.308125 0.13875 0.021233552631578945 0.04248355263157895
11 0.21375 0.140625 0.02749161073825504 0.031241610738255043
18 0.278125 0.218125 0.02120689655172414 0.023706896551724116
08 0.56125 0.8043750000000001 0.012494444444444475 0.013744444444444448
20 0.5425 0.15375 0.02248809523809525 0.01998809523809525
07 0.25 0.08374999999999999 0.05749297752808988 0.017492977528089884
14 0.9775 0.895 0.032495098039215686 0.04499509803921575
00 0.850625 0.684375 0.026206896551724146 0.028706896551724204
20 0.303125 0.861875 0.02372844827586207 0.018728448275862175
19 0.473125 0.69 0.028636363636363626 0.02738636363636371
20 0.23875 0.280625 0.024985795454545434 0.02373579545454546
10 0.575625 0.615 0.023719512195122028 0.022469512195121943
10 0.516875 0.42125 0.02373214285714287 0.02248214285714284
