00 0.708125 0.40249999999999997 0.023733552631578947 0.01998355263157886
18 0.629375 0.870625 0.013741610738255083 0.01624161073825492
14 0.565 0.23 0.032456896551724124 0.032456896551724124
03 0.25625 0.678125 0.04749444444444445 0.026244444444444293
11 0.31875 0.115625 0.01998809523809525 0.016238095238095232
14 0.184375 0.48624999999999996 0.03374297752808986 0.019992977528089872
15 0.32125000000000004 0.08374999999999999 0.01499509803921567 0.017495098039215687
08 0.075 0.453125 0.04245689655172414 0.03120689655172415
03 0.04375 0.46499999999999997 0.04247844827586206 0.029978448275862102
10 0.41000000000000003 0.88 0.017386363636363644 0.014886363636363642
18 0.39875 0.608125 0.01498579545454548 0.018735795454545512
20 0.08812500000000001 0.729375 0.028719512195121935 0.03121951219512198
15 0.66875 0.12375 0.009982142857142828 0.017482142857142877
03 0.6387499999999999 0.37625 0.00748749999999998 0.02248750000000005
