12 0.9125 0.24 0.03498355263157893 0.05998355263157895
01 0.9175 0.09812499999999999 0.017491610738254892 0.013741610738255042
03 0.138125 0.298125 0.013706896551724135 0.01620689655172408
03 0.823125 0.933125 0.018744444444444452 0.023744444444444346
14 0.901875 0.489375 0.021238095238095056 0.036238095238095236
07 0.063125 0.731875 0.04124297752808989 0.053742977528089875
08 0.323125 0.6212500000000001 0.038745098039215664 0.022495098039215677
04 0.7575000000000001 0.896875 0.02495689655172406 0.026206896551724146
12 0.505625 0.868125 0.04122844827586203 0.03372844827586219
10 0.854375 0.47125 0.02113636363636373 0.022386363636363593
04 0.40812499999999996 0.609375 0.018735795454545456 0.018735795454545512
01 0.16749999999999998 0.1825 0.014969512195121965 0.01246951219512199
04 0.6325000000000001 0.458125 0.022482142857142784 0.02123214285714281
