18 0.68625 0.88625 0.022483552631578863 0.02498355263157892
06 0.72875 0.7206250000000001 0.032491610738254906 0.1212416107382549
03 0.49812500000000004 0.136875 0.016206896551724193 0.06870689655172413
15 0.04 0.425 0.02999444444444445 0.0424944444444445
03 0.4225 0.41812499999999997 0.029988095238095258 0.0437380952380953
03 0.828125 0.12687500000000002 0.026242977528089906 0.04124297752808989
12 0.15562499999999999 0.719375 0.07124509803921568 0.06874509803921569
18 0.221875 0.401875 0.023706896551724116 0.026206896551724146
06 0.628125 0.389375 0.016228448275862006 0.05122844827586209
13 0.489375 0.871875 0.04613636363636364 0.12363636363636366
11 0.163125 0.5856250000000001 0.03373579545454547 0.033735795454545525
01 0.6187499999999999 0.066875 0.01746951219512194 0.016219512195121945
