06 0.20375 0.46687500000000004 0.054983552631578975 0.0912335526315789
14 0.60625 0.304375 0.042491610738255026 0.06624161073825507
03 0.913125 0.524375 0.028706896551724093 0.04120689655172416
15 0.691875 0.043125 0.013744444444444337 0.02374444444444445
03 0.5325 0.113125 0.0149880952380953 0.08873809523809523
06 0.234375 0.7287482443820225 0.06874297752808986 0.02749648876404498
03 0.9624999999999999 0.713125 0.052495098039215704 0.0162450980392157
18 0.059375 0.263125 0.023706896551724144 0.026206896551724146
14 0.7975 0.303125 0.032478448275862215 0.041228448275862084
20 0.36375 0.693125 0.027386363636363598 0.023636363636363678
03 0.37812500000000004 0.8531249999999999 0.038735795454545474 0.07373579545454534
