18 0.7475 0.530625 0.012483552631578854 0.016233552631578885
14 0.6456249999999999 0.875625 0.02374161073825498 0.031241610738254932
10 0.7175 0.936875 0.019956896551724168 0.016206896551724137
06 0.54 0.218125 0.01749444444444448 0.021244444444444427
03 0.61375 0.819375 0.009988095238095296 0.021238095238095167
14 0.8512500000000001 0.48375 0.022492977528089875 0.024992977528089877
07 0.8374999999999999 0.8274999999999999 0.009995098039215722 0.032495098039215686
03 0.21125 0.65625 0.03995689655172413 0.06745689655172415
03 0.33625 0.28375 0.004978448275862024 0.012478448275862086
07 0.024375 0.900625 0.04113636363636364 0.023636363636363678
05 0.81875 0.026875000000000003 0.027485795454545325 0.016235795454545458
