20 0.09125 0.22125 0.014983552631578939 0.012483552631578965
01 0.46499999999999997 0.85625 0.02499161073825501 0.024991610738254955
06 0.36875 0.413125 0.05745689655172409 0.06370689655172412
14 0.32125000000000004 0.264375 0.03749444444444444 0.03374444444444441
12 0.5325 0.6937500000000001 0.029988095238095314 0.034988095238095096
03 0.769375 0.704375 0.05124297752808982 0.04124297752808981
06 0.899375 0.7718750000000001 0.011245098039215695 0.02374509803921565
20 0.93875 0.8175 0.01745689655172411 0.01745689655172411
14 0.579375 0.38 0.03122844827586202 0.039978448275862055
03 0.839375 0.68875 0.02113636363636373 0.03238636363636371
09 0.171875 0.37124999999999997 0.02373579545454546 0.022485795454545487
