01 0.5549999999999999 0.9493750000000001 0.039983552631578934 0.031233552631578898
14 0.455 0.640625 0.042491610738255026 0.05374161073825501
06 0.62 0.1925 0.039956896551724075 0.022456896551724115
18 0.97375 0.20937499999999998 0.022494444444444373 0.02624444444444443
03 0.7424999999999999 0.36624999999999996 0.03998809523809521 0.07248809523809524
03 0.643125 0.13 0.0212429775280899 0.03999297752808989
04 0.11687499999999999 0.260625 0.03624509803921569 0.02624509803921571
10 0.5275 0.235625 0.02745689655172412 0.01870689655172414
01 0.46187500000000004 0.735 0.021228448275862066 0.022478448275862206
20 0.5081249999999999 0.23125 0.02113636363636362 0.019886363636363674
06 0.393125 0.165 0.08123579545454551 0.06748579545454547
04 0.203125 0.35875 0.04121951219512199 0.04246951219512196
06 0.9125 0.40125 0.03498214285714285 0.02498214285714284
