17 0.48812500000000003 0.2325 0.04623355263157891 0.054983552631579
15 0.135625 0.056249999999999994 0.05374161073825505 0.02499161073825503
13 0.395625 0.366875 0.046206896551724164 0.12120689655172412
00 0.56 0.451875 0.0424944444444445 0.02624444444444446
05 0.698125 0.411875 0.02623809523809517 0.06123809523809526
10 0.05875 0.291875 0.02999297752808988 0.02624297752808985
14 0.738125 0.8143750000000001 0.04874509803921567 0.05374509803921568
14 0.924375 0.22375 0.06620689655172407 0.032456896551724124
17 0.28437500000000004 0.52125 0.041228448275862084 0.049978448275862064
08 0.32562499999999994 0.05500000000000001 0.06363636363636366 0.029886363636363635
06 0.37375 0.396875 0.022485795454545487 0.03623579545454547
