06 0.5887500000000001 0.36374588815789477 0.0724835526315789 0.06249177631578945
10 0.173125 0.0375 0.023741610738255037 0.017491610738255028
01 0.24312499999999998 0.803125 0.021206896551724114 0.016206896551724137
18 0.788125 0.53375 0.016244444444444395 0.019994444444444537
01 0.2475 0.540625 0.017488095238095247 0.013738095238095216
13 0.69 0.441875 0.032492977528089884 0.08624297752808985
14 0.891875 0.72375 0.028745098039215655 0.034995098039215744
01 0.27749999999999997 0.71875 0.014956896551724108 0.009956896551724048
03 0.419375 0.481875 0.04122844827586203 0.03122844827586202
15 0.8031250000000001 0.285625 0.016136363636363726 0.011136363636363666
10 0.8087500000000001 0.150625 0.024985795454545268 0.026235795454545463
13 0.518125 0.93625 0.05871951219512195 0.027469512195121948
04 0.84375 0.309375 0.01748214285714278 0.016232142857142806
