14 0.38875000000000004 0.29125 0.04498355263157888 0.02998355263157898
15 0.2525 0.78 0.014991610738255057 0.012491610738254888
20 0.61 0.09625 0.03495689655172418 0.02745689655172412
13 0.7562500000000001 0.25125000000000003 0.03999444444444433 0.07249444444444444
19 0.39125 0.28625 0.024988095238095254 0.03248809523809526
03 0.9550000000000001 0.29874999999999996 0.032492977528089884 0.024992977528089877
14 0.6793750000000001 0.564375 0.026245098039215597 0.02624509803921571
08 0.579375 0.16062500000000002 0.02120689655172414 0.046206896551724136
07 0.7837446120689655 0.7481249999999999 0.0424892241379311 0.036228448275862246
04 0.8500000000000001 0.860625 0.024886363636363762 0.016136363636363726
14 0.6356249999999999 0.7625 0.06873579545454545 0.019985795454545374
04 0.048125 0.534375 0.03121951219512195 0.03371951219512204
