02 0.31687499999999996 0.169375 0.09123355263157895 0.06873355263157896
18 0.029375 0.350625 0.023741610738255033 0.02624161073825504
00 0.379375 0.349375 0.03370689655172415 0.023706896551724144
04 0.3925 0.16375 0.0374944444444445 0.03499444444444447
12 0.218125 0.5375000000000001 0.04123809523809527 0.047488095238095274
00 0.6443749999999999 0.59125 0.043742977528089866 0.032492977528089884
14 0.5118750000000001 0.49624999999999997 0.02374509803921565 0.054995098039215706
07 0.08063577586206896 0.9612499999999999 0.04122844827586208 0.05245689655172414
01 0.28875 0.37312500000000004 0.022478448275862095 0.021228448275862066
12 0.89625 0.25875000000000004 0.04488636363636367 0.0723863636363637
08 0.14750000000000002 0.3875 0.024985795454545462 0.05748579545454546
08 0.743125 0.7381249999999999 0.026219512195121975 0.016219512195121966
