06 0.5125 0.12187088815789474 0.11998355263157884 0.06874177631578948
14 0.6375 0.7693749999999999 0.059991610738254986 0.08874161073825493
10 0.5974999999999999 0.5856250000000001 0.029956896551724177 0.023706896551724088
04 0.5587500000000001 0.058124999999999996 0.0424944444444445 0.03624444444444444
07 0.813125 0.9043720238095239 0.07873809523809516 0.028744047619047586
09 0.60875 0.6268750000000001 0.0474929775280899 0.05124297752808993
02 0.303125 0.5718749999999999 0.041245098039215666 0.05124509803921573
18 0.514375 0.04125 0.0337068965517241 0.03495689655172414
15 0.645 0.78 0.01747844827586209 0.049978448275862175
03 0.705 0.37812500000000004 0.09488636363636371 0.056136363636363595
18 0.24 0.7262500000000001 0.027485795454545436 0.029985795454545383
