12 0.13562500000000002 0.90625 0.08623355263157896 0.09248355263157881
01 0.9293750000000001 0.795 0.02374161073825498 0.022491610738254897
03 0.384375 0.8049999999999999 0.11120689655172417 0.022456896551724115
06 0.5862499999999999 0.6356236111111111 0.04499444444444445 0.021247222222222195
13 0.853125 0.58875 0.04623809523809519 0.029988095238095314
04 0.038125 0.575625 0.051242977528089886 0.03374297752808986
06 0.45375 0.228125 0.11249509803921565 0.023745098039215706
07 0.46125 0.15437499999999998 0.05495689655172409 0.01620689655172411
11 0.2275 0.40437500000000004 0.04247844827586206 0.031228448275862075
01 0.042499999999999996 0.2475 0.03488636363636363 0.02738636363636368
04 0.7375 0.928125 0.04248579545454534 0.0287357954545453
04 0.055625 0.7437499999999999 0.04621951219512195 0.03746951219512196
06 0.256875 0.073125 0.031232142857142847 0.011232142857142843
08 0.0675 0.052500000000000005 0.057487500000000004 0.0224875
