03 0.746875 0.6487499999999999 0.0937335526315789 0.0724835526315789
11 0.2625 0.5974999999999999 0.08249161073825506 0.09249161073825496
14 0.406875 0.60625 0.08120689655172414 0.08745689655172406
08 0.656875 0.259375 0.07374444444444439 0.10624444444444442
06 0.24562500000000004 0.3725 0.2687380952380953 0.09748809523809532
03 0.575 0.7250000000000001 0.11749297752808985 0.03499297752808983
03 0.420625 0.1225 0.051245098039215675 0.1099950980392157
15 0.48375 0.144375 0.12995689655172415 0.07870689655172414
08 0.305625 0.336875 0.07122844827586206 0.08122844827586206
08 0.12875 0.155 0.059886363636363626 0.09238636363636364
06 0.22500000000000003 0.9762464488636363 0.2249857954545455 0.022492897727272698
