10 0.17625 0.888125 0.022483552631578974 0.023733552631578836
04 0.72875 0.421875 0.03749161073825491 0.02624161073825504
14 0.090625 0.405 0.011206896551724133 0.024956896551724117
01 0.216875 0.549375 0.048744444444444424 0.04124444444444453
15 0.458125 0.16062500000000002 0.021238095238095278 0.026238095238095255
18 0.095 0.23125 0.024992977528089877 0.02749297752808985
12 0.044375000000000005 0.965625 0.03124509803921569 0.03374509803921566
08 0.9099999999999999 0.3025 0.029956896551724177 0.03995689655172413
12 0.6775 0.579375 0.02997844827586227 0.03372844827586208
15 0.35750000000000004 0.56625 0.024886363636363595 0.027386363636363598
06 0.405 0.42874644886363633 0.04498579545454545 0.01749289772727275
15 0.205625 0.36875 0.02121951219512197 0.03996951219512196
15 0.420625 0.788125 0.038732142857142826 0.016232142857142806
