10 0.769375 0.9612499999999999 0.023733552631578947 0.01748355263157897
14 0.574375 0.2375 0.03624161073825505 0.04999161073825506
14 0.565625 0.443125 0.018706896551724195 0.0337068965517241
12 0.393125 0.8612500000000001 0.04124444444444453 0.0724944444444443
09 0.5318750000000001 0.27 0.026238095238095283 0.029988095238095258
17 0.66 0.168125 0.029992977528089826 0.03874297752808986
11 0.255 0.7425 0.029995098039215656 0.027495098039215682
03 0.8287500000000001 0.6893750000000001 0.032456896551724124 0.05620689655172406
13 0.313125 0.276875 0.043728448275862086 0.041228448275862084
09 0.549375 0.341875 0.04113636363636364 0.043636363636363584
02 0.776875 0.9681249999999999 0.0762357954545454 0.0337357954545453
03 0.954375 0.034374999999999996 0.04871951219512194 0.026219512195121947
17 0.35562499999999997 0.80375 0.03373214285714282 0.0424821428571428
06 0.423125 0.520625 0.06873750000000006 0.008737500000000065
