14 0.2525 0.530625 0.03248355263157898 0.026233552631578894
01 0.26875 0.08125000000000002 0.014991610738255057 0.01249161073825504
03 0.87125 0.555625 0.01745689655172411 0.05620689655172406
00 0.7325 0.665 0.022494444444444373 0.014994444444444421
09 0.139375 0.22375 0.016238095238095218 0.02248809523809525
12 0.62 0.923125 0.029992977528089826 0.03374297752808986
03 0.100625 0.593125 0.03624509803921569 0.023745098039215762
13 0.9637500000000001 0.5081249999999999 0.04245689655172413 0.0337068965517241
20 0.698125 0.45875 0.016228448275862117 0.014978448275862033
10 0.6475 0.8425 0.0173863636363637 0.014886363636363753
03 0.060625 0.011875 0.016235795454545447 0.018735795454545453
