10 0.2425 0.224375 0.019983552631579 0.016233552631578968
11 0.9706250000000001 0.2925 0.026241610738254928 0.027491610738255068
20 0.051875000000000004 0.2425 0.016206896551724144 0.01745689655172411
06 0.665 0.235625 0.05999444444444435 0.026244444444444404
17 0.69875 0.3025 0.024988095238095198 0.03248809523809526
05 0.8587499999999999 0.200625 0.03499297752808983 0.028742977528089853
08 0.5031249999999999 0.78 0.03624509803921566 0.014995098039215726
13 0.18125 0.8943749999999999 0.03745689655172413 0.07120689655172419
09 0.79125 0.179375 0.0174784482758622 0.03622844827586205
14 0.6375 0.288125 0.02738636363636371 0.028636363636363682
13 0.559375 0.35375 0.04623579545454548 0.047485795454545454
10 0.661875 0.4275 0.018719512195122023 0.017469512195121994
