08 0.4675 0.580625 0.03998355263157888 0.033733552631578845
11 0.650625 0.516875 0.038741610738254995 0.028741610738255097
08 0.08875 0.9606250000000001 0.044956896551724135 0.04870689655172422
03 0.7793749999999999 0.7624986111111112 0.02874444444444435 0.027497222222222173
01 0.134375 0.531875 0.023738095238095225 0.01873809523809533
03 0.5293749999999999 0.18125000000000002 0.03374297752808986 0.029992977528089854
03 0.28125 0.848125 0.0474950980392157 0.013745098039215753
04 0.478125 0.714375 0.02620689655172409 0.0337068965517241
13 0.910625 0.244375 0.06872844827586222 0.0587284482758621
18 0.08499999999999999 0.3575 0.019886363636363633 0.022386363636363593
