12 0.026875000000000003 0.61625 0.033733552631578956 0.022483552631578863
15 0.485 0.36875 0.01749161073825506 0.029991610738255015
00 0.613125 0.19375 0.018706896551724084 0.019956896551724113
09 0.72375 0.70375 0.017494444444444257 0.03499444444444433
03 0.96375 0.345 0.024988095238095198 0.03998809523809527
13 0.6356250000000001 0.671875 0.023742977528089848 0.053742977528089764
03 0.975 0.956875 0.02999509803921563 0.0162450980392157
03 0.345 0.985 0.02245689655172417 0.01745689655172411
11 0.823125 0.06937499999999999 0.016228448275862117 0.02122844827586206
04 0.236875 0.293125 0.021136363636363675 0.018636363636363673
14 0.48750000000000004 0.558125 0.022485795454545487 0.02873579545454552
09 0.7775000000000001 0.13187500000000002 0.014969512195121992 0.023719512195121945
00 0.500625 0.0875 0.021232142857142866 0.022482142857142853
