18 0.3175 0.13874999999999998 0.01998355263157897 0.022483552631578946
18 0.16749999999999998 0.673125 0.019991610738255033 0.02374161073825487
12 0.881875 0.660625 0.06370689655172412 0.053706896551724115
06 0.08625 0.6356249999999999 0.03499444444444445 0.013744444444444448
04 0.953125 0.73125 0.033738095238095234 0.024988095238095087
01 0.14500000000000002 0.294375 0.0199929775280899 0.016242977528089897
06 0.415 0.434375 0.022495098039215677 0.03624509803921572
06 0.946875 0.6112500000000001 0.008706896551724075 0.08745689655172406
14 0.87125 0.02 0.05247844827586223 0.01247844827586207
01 0.580625 0.72875 0.02113636363636362 0.019886363636363757
11 0.305 0.2425 0.029985795454545494 0.027485795454545436
04 0.50625 0.615 0.02996951219512195 0.0349695121951219
05 0.22375 0.4925 0.03248214285714285 0.022482142857142784
