03 0.7424999999999999 0.698125 0.047483552631578996 0.02873355263157884
07 0.5581229026845638 0.6525 0.026245805369127462 0.02999161073825496
08 0.22625 0.224375 0.04245689655172413 0.026206896551724118
13 0.510625 0.731875 0.08124444444444445 0.03874444444444436
05 0.07625 0.630625 0.024988095238095226 0.041238095238095185
03 0.565 0.686875 0.02499297752808982 0.016242977528089897
08 0.034998774509803925 0.573125 0.03749754901960785 0.04374509803921578
04 0.7793749999999999 0.355 0.0337068965517241 0.02745689655172412
03 0.186875 0.8043750000000001 0.05872844827586207 0.02372844827586229
12 0.49812500000000004 0.443125 0.04113636363636358 0.03863636363636358
