11 0.6012500000000001 0.585625 0.03248355263157887 0.026233552631578894
15 0.553125 0.028124999999999997 0.023741610738255092 0.02124161073825503
08 0.2875 0.370625 0.054956896551724144 0.02120689655172414
15 0.09 0.891875 0.017494444444444465 0.031244444444444408
03 0.605 0.5237499999999999 0.06248809523809529 0.027488095238095256
03 0.49749824438202245 0.9293750000000001 0.014996488764044913 0.12124297752808977
05 0.7125 0.2825 0.02999509803921563 0.0449950980392157
12 0.093125 0.190625 0.04120689655172413 0.05120689655172414
14 0.08687500000000001 0.05437499999999999 0.06122844827586206 0.02122844827586206
20 0.235 0.32062499999999994 0.042386363636363694 0.028636363636363626
03 0.53625 0.47687500000000005 0.029985795454545494 0.0637357954545455
