06 0.548125 0.046875 0.07123355263157893 0.03873355263157895
08 0.5137499999999999 0.281875 0.017491610738255114 0.033741610738255046
03 0.39125 0.47624999999999995 0.054956896551724144 0.034956896551724126
03 0.10312500000000001 0.51625 0.051244444444444454 0.034994444444444495
14 0.88375 0.50875 0.02248809523809514 0.032488095238095316
19 0.39125 0.376875 0.049992977528089844 0.03374297752808986
03 0.163125 0.5543750000000001 0.013745098039215697 0.0737450980392157
03 0.7575000000000001 0.7581249999999999 0.039956896551724186 0.04120689655172416
03 0.71875 0.374375 0.07247844827586225 0.03872844827586208
10 0.89625 0.073125 0.03738636363636383 0.04113636363636363
00 0.30000000000000004 0.53125 0.04498579545454545 0.037485795454545556
03 0.813125 0.195 0.04871951219512205 0.037469512195121984
03 0.79625 0.6525000000000001 0.057482142857142815 0.05998214285714287
