06 0.24 0.926875 0.022483552631578974 0.07123355263157882
00 0.21875 0.86625 0.027491610738255068 0.024991610738254955
11 0.6499999999999999 0.26 0.022456896551724115 0.01745689655172411
15 0.9256249999999999 0.15562499999999999 0.008744444444444333 0.01624444444444445
14 0.47 0.49375 0.017488095238095303 0.03248809523809526
14 0.528125 0.14125 0.03374297752808986 0.027492977528089907
14 0.17375000000000002 0.021875000000000002 0.012495098039215696 0.031245098039215692
09 0.054375 0.22312500000000002 0.028706896551724134 0.031206896551724123
04 0.7849999999999999 0.375625 0.01997844827586215 0.018728448275862064
01 0.8243750000000001 0.35375 0.026136363636363735 0.027386363636363598
20 0.364375 0.041249999999999995 0.026235795454545463 0.024985795454545455
