17 0.48875 0.736875 0.03498355263157893 0.033733552631578845
12 0.9168729026845637 0.27125 0.05624580536912738 0.03999161073825508
09 0.343125 0.973125 0.03370689655172415 0.0387068965517241
03 0.21625 0.96375 0.03249444444444444 0.054994444444444346
10 0.530625 0.891875 0.02873809523809534 0.023738095238095114
12 0.18562499999999998 0.680625 0.03374297752808983 0.04874297752808987
05 0.2825 0.221875 0.01499509803921567 0.03624509803921569
03 0.7731250000000001 0.30125 0.036206896551724044 0.024956896551724117
14 0.630625 0.9693750000000001 0.046228448275862144 0.01622844827586223
06 0.25125 0.31937499999999996 0.062386363636363684 0.016136363636363615
11 0.38687499999999997 0.45 0.03373579545454547 0.02498579545454549
15 0.6187499999999999 0.703125 0.01746951219512194 0.016219512195122077
07 0.739375 0.09 0.03373214285714288 0.02998214285714286
14 0.139375 0.543125 0.026237500000000025 0.03123750000000003
