15 0.885 0.745 0.029983552631578814 0.027483552631578867
20 0.8200000000000001 0.62625 0.0274916107382549 0.01999161073825506
08 0.238125 0.103125 0.016206896551724137 0.031206896551724136
11 0.1975 0.5875 0.03249444444444441 0.029994444444444435
15 0.18000297619047617 0.6793720238095238 0.022494047619047636 0.011244047619047626
05 0.73 0.31562500000000004 0.019992977528089817 0.02624297752808985
12 0.913125 0.745 0.03624509803921572 0.03749509803921569
08 0.911260775862069 0.7581249999999999 0.0274784482758621 0.03120689655172415
20 0.9125 0.43937499999999996 0.014978448275862144 0.011228448275862057
02 0.7419034090909091 0.583125 0.016193181818181857 0.018636363636363562
18 0.57125 0.8887499999999999 0.019985795454545485 0.02248579545454532
08 0.7012499999999999 0.46187500000000004 0.03496951219512201 0.028719512195121977
