03 0.074375 0.406875 0.04123355263157894 0.026233552631578894
07 0.5262520973154362 0.468125 0.02499580536912749 0.031241610738255043
08 0.441875 0.6225 0.041206896551724104 0.019956896551724168
15 0.725625 0.16249999999999998 0.01124444444444439 0.022494444444444456
18 0.439375 0.30937499999999996 0.016238095238095274 0.018738095238095276
08 0.366875 0.200625 0.03874297752808986 0.041242977528089864
01 0.10500000000000001 0.635 0.024995098039215694 0.024995098039215735
18 0.09125 0.11750000000000001 0.014956896551724136 0.017456896551724138
04 0.06937499999999999 0.89 0.02122844827586206 0.024978448275862153
15 0.365625 0.184375 0.021136363636363564 0.01613636363636367
03 0.9299999999999999 0.716875 0.03998579545454539 0.026235795454545352
08 0.79375 0.914375 0.04246951219512196 0.02121951219512197
08 0.7775000000000001 0.655 0.022482142857142784 0.02748214285714279
03 0.452503125 0.473125 0.024993750000000037 0.013737500000000014
