10 0.750625 0.026250000000000002 0.0362335526315789 0.03498355263157896
18 0.680625 0.080625 0.026241610738254928 0.02874161073825504
20 0.569375 0.028124999999999997 0.018706896551724195 0.018706896551724136
20 0.65875 0.80125 0.019994444444444315 0.019994444444444426
07 0.144375 0.4 0.016238095238095218 0.049988095238095276
20 0.828125 0.015 0.016242977528089897 0.014992977528089889
06 0.58125 0.24437499999999998 0.09749509803921563 0.05624509803921568
01 0.849375 0.21875 0.0387068965517241 0.02995689655172412
20 0.46875 0.8300000000000001 0.01747844827586209 0.0174784482758622
04 0.13874999999999998 0.575625 0.037386363636363634 0.028636363636363682
07 0.328125 0.43875 0.058735795454545436 0.01998579545454543
20 0.7975 0.264375 0.03246951219512195 0.03371951219512198
