14 0.850625 0.87875 0.033733552631578845 0.02498355263157892
03 0.6712499999999999 0.8387500000000001 0.017491610738254892 0.0274916107382549
14 0.745625 0.15875 0.0237068965517242 0.01745689655172411
03 0.17562499999999998 0.37875 0.02624444444444443 0.0374944444444445
02 0.5781279761904762 0.251875 0.031244047619047643 0.03373809523809526
10 0.7081249999999999 0.274375 0.023742977528089848 0.023742977528089848
03 0.746875 0.4675 0.02374509803921565 0.0499950980392157
02 0.894375 0.906875 0.036206896551724155 0.06870689655172413
11 0.30374999999999996 0.916875 0.024978448275862097 0.021228448275862233
05 0.24375000000000002 0.5393749999999999 0.012386363636363668 0.028636363636363682
18 0.5118750000000001 0.47 0.013735795454545507 0.014985795454545425
03 0.575 0.4075 0.047469512195121966 0.01246951219512199
14 0.228125 0.809375 0.036232142857142824 0.02123214285714281
