12 0.2625 0.6556249999999999 0.029983552631578952 0.051233552631578916
03 0.3524979026845637 0.55375 0.014995805369127535 0.01999161073825506
02 0.42625 0.0725 0.009956896551724104 0.03995689655172413
01 0.3175 0.21 0.012494444444444475 0.01249444444444442
04 0.395625 0.43374999999999997 0.023738095238095225 0.022488095238095307
05 0.14125 0.934375 0.022492977528089902 0.016242977528089786
20 0.871875 0.9368749999999999 0.021245098039215704 0.021245098039215704
09 0.885625 0.50125 0.036206896551724155 0.029956896551724177
09 0.770625 0.170625 0.026228448275862126 0.021228448275862066
06 0.425 0.6230965909090909 0.04238636363636361 0.03869318181818182
03 0.42625 0.0925 0.05248579545454546 0.019985795454545457
04 0.87125 0.890625 0.022469512195121943 0.02121951219512197
03 0.93625 0.6993750000000001 0.03498214285714285 0.028732142857142873
