02 0.77625 0.05625 0.07498355263157896 0.06998355263157895
20 0.39437500000000003 0.169375 0.043741610738255055 0.031241610738255043
12 0.48875 0.3125 0.04995689655172414 0.05245689655172414
14 0.81125 0.84875 0.0674944444444443 0.039994444444444444
03 0.74625 0.70875 0.017488095238095136 0.13248809523809513
12 0.6656249999999999 0.24 0.10874297752808981 0.07499297752808984
08 0.33 0.646875 0.052495098039215704 0.06624509803921574
20 0.6056250000000001 0.8574999999999999 0.053706896551724115 0.039956896551724186
03 0.3225 0.233125 0.05497844827586207 0.08372844827586207
03 0.02375 0.21437499999999998 0.03488636363636363 0.03363636363636366
04 0.09125 0.919375 0.04748579545454547 0.0337357954545453
12 0.828125 0.6287499999999999 0.08371951219512197 0.08996951219512195
