18 0.495 0.93625 0.01998355263157886 0.022483552631578863
15 0.75875 0.636875 0.03999161073825486 0.038741610738254995
12 0.48624999999999996 0.481875 0.0699568965517241 0.0337068965517241
08 0.959375 0.315 0.05374444444444437 0.01749444444444448
06 0.078125 0.8175 0.023738095238095225 0.05998809523809512
08 0.196875 0.661875 0.03374297752808986 0.02124297752808979
08 0.638125 0.19874999999999998 0.03374509803921566 0.019995098039215703
00 0.5449999999999999 0.388125 0.032456896551724124 0.028706896551724093
09 0.075625 0.27625 0.021228448275862066 0.032478448275862104
14 0.6425000000000001 0.16125 0.019886363636363646 0.042386363636363666
05 0.876875 0.6425 0.03873579545454531 0.029985795454545494
04 0.22749999999999998 0.78125 0.03246951219512198 0.029969512195122006
12 0.25875 0.431875 0.02998214285714282 0.05373214285714284
