15 0.551875 0.3843708881578947 0.016233552631578885 0.028741776315789447
11 0.228125 0.024375 0.03874161073825505 0.031241610738255033
14 0.9175 0.5875 0.04745689655172414 0.014956896551724164
09 0.21875 0.23500000000000001 0.029994444444444435 0.03749444444444444
15 0.676875 0.980625 0.021238095238095056 0.02623809523809517
03 0.468125 0.868125 0.031242977528089855 0.018742977528089844
20 0.91875 0.589375 0.03499509803921563 0.023745098039215762
03 0.15625 0.9299999999999999 0.08245689655172413 0.039956896551724186
16 0.623125 0.34875 0.046228448275862144 0.029978448275862046
18 0.684375 0.8756250000000001 0.02363636363636379 0.026136363636363735
