13 0.14625 0.18375000000000002 0.08748355263157895 0.07748355263157894
10 0.9175 0.788125 0.032491610738254906 0.031241610738254932
12 0.576875 0.58125 0.04870689655172411 0.05245689655172414
03 0.9468749999999999 0.6125 0.02874444444444435 0.0424944444444445
03 0.83875 0.8362499999999999 0.05998809523809512 0.02248809523809514
05 0.316875 0.815 0.05624297752808988 0.029992977528089937
04 0.944375 0.639375 0.04124509803921572 0.031245098039215713
06 0.28 0.419375 0.044956896551724135 0.018706896551724084
03 0.121875 0.7962499999999999 0.038728448275862054 0.03747844827586222
05 0.85625 0.250625 0.024886363636363762 0.061136363636363655
07 0.911875 0.168125 0.03873579545454531 0.05373579545454549
00 0.68375 0.1275 0.04246951219512196 0.04496951219512195
02 0.938125 0.5125 0.0787321428571428 0.05998214285714287
11 0.049999999999999996 0.53125 0.039987499999999995 0.02748750000000011
