13 0.54375 0.5587500000000001 0.05998355263157895 0.06498355263157884
10 0.545625 0.770625 0.018741610738255088 0.021241610738254924
18 0.6268750000000001 0.553125 0.023706896551724088 0.026206896551724146
06 0.6287513888888889 0.788125 0.08499722222222228 0.033744444444444355
05 0.54125 0.5575 0.019988095238095305 0.03998809523809532
18 0.235625 0.066875 0.02624297752808985 0.028742977528089887
08 0.15750122549019607 0.730625 0.05249754901960785 0.03624509803921572
08 0.7150000000000001 0.5687500000000001 0.04495689655172408 0.022456896551724115
06 0.9331303879310344 0.6343750000000001 0.0637392241379311 0.04122844827586214
08 0.6512500000000001 0.685 0.0323863636363636 0.047386363636363726
14 0.11624999999999999 0.595625 0.027485795454545478 0.051235795454545485
04 0.390625 0.45375 0.033719512195121926 0.04246951219512196
04 0.043125 0.590625 0.038732142857142854 0.02123214285714281
