07 0.719375 0.459375 0.026233552631578894 0.05373355263157892
07 0.9450000000000001 0.7575000000000001 0.01999161073825484 0.04749161073825492
03 0.219375 0.0325 0.023706896551724116 0.022456896551724143
14 0.9650000000000001 0.023124999999999996 0.037494444444444386 0.03374444444444444
01 0.950625 0.20625 0.02873809523809523 0.019988095238095277
06 0.415625 0.1725 0.04624297752808987 0.11749297752808988
07 0.9681262254901961 0.419375 0.03374754901960786 0.05874509803921568
03 0.44123922413793104 0.49625 0.012478448275862086 0.019956896551724168
04 0.888125 0.595 0.036228448275862246 0.029978448275862046
03 0.3506534090909091 0.51375 0.018693181818181803 0.03988636363636361
00 0.8456250000000001 0.713125 0.031235795454545356 0.033735795454545414
