08 0.06875 0.6975 0.014983552631578953 0.017483552631578858
01 0.47 0.8725 0.02499161073825501 0.01999161073825484
10 0.02875 0.5506249999999999 0.01245689655172414 0.011206896551724133
04 0.919375 0.41312499999999996 0.026244444444444404 0.018744444444444508
10 0.30874999999999997 0.93 0.01998809523809525 0.017488095238095136
11 0.3725 0.9524999999999999 0.02749297752808988 0.022492977528089875
14 0.7350000000000001 0.683125 0.022495098039215677 0.018745098039215646
12 0.663125 0.38 0.0337068965517241 0.03995689655172413
04 0.890625 0.12312500000000001 0.026228448275862126 0.018728448275862078
04 0.510625 0.259375 0.026136363636363624 0.018636363636363673
12 0.594375 0.3675 0.031235795454545467 0.03248579545454544
08 0.675 0.42500000000000004 0.04246951219512196 0.03996951219512196
12 0.5393749999999999 0.24437499999999998 0.026232142857142926 0.028732142857142817
