10 0.9525 0.225 0.037483552631578876 0.03248355263157898
10 0.5487500000000001 0.963125 0.03999161073825508 0.03374161073825488
13 0.7 0.9468749999999999 0.11995689655172415 0.04120689655172416
06 0.41312499999999996 0.9237500000000001 0.08874444444444446 0.04249444444444428
09 0.334375 0.691875 0.028738095238095285 0.03623809523809518
08 0.848125 0.43562500000000004 0.061242977528089826 0.05124297752808987
03 0.375625 0.025 0.02874509803921571 0.014995098039215688
09 0.455 0.754375 0.05245689655172414 0.046206896551724164
03 0.6225 0.655625 0.012478448275862086 0.03872844827586208
04 0.59125 0.30374999999999996 0.037386363636363495 0.03738636363636366
18 0.11812500000000001 0.050625 0.03623579545454547 0.03873579545454545
09 0.938125 0.72375 0.04871951219512205 0.05996951219512203
01 0.5918749999999999 0.198125 0.02123214285714281 0.02123214285714284
15 0.5149999999999999 0.7125 0.027487499999999998 0.04248750000000001
