00 0.29125 0.955625 0.034983552631578985 0.026233552631579005
03 0.59 0.736875 0.014991610738255057 0.046241610738254946
06 0.619375 0.9043749999999999 0.036206896551724155 0.06120689655172418
03 0.364375 0.45 0.013744444444444504 0.0424944444444445
13 0.948125 0.7731250000000001 0.041238095238095074 0.09873809523809507
08 0.9218767556179774 0.55 0.036246488764044904 0.032492977528089884
14 0.37687499999999996 0.8375 0.013745098039215697 0.024995098039215735
12 0.46875 0.36625 0.02745689655172412 0.032456896551724124
10 0.475 0.59625 0.034978448275862106 0.024978448275862042
14 0.77625 0.96375 0.014886363636363642 0.04488636363636367
06 0.10625000000000001 0.41375 0.014985795454545467 0.037485795454545445
07 0.62375 0.16312500000000002 0.029969512195122006 0.04371951219512196
