07 0.5218750000000001 0.856875 0.018733552631578942 0.026233552631579005
09 0.825625 0.159375 0.021241610738254812 0.023741610738255065
07 0.34563577586206895 0.89 0.021228448275862066 0.04495689655172419
19 0.813125 0.74875 0.01124444444444439 0.012494444444444364
06 0.361875 0.6468749999999999 0.06373809523809526 0.041238095238095185
03 0.556875 0.715625 0.04874297752808987 0.026242977528089795
14 0.629375 0.05625 0.0162450980392157 0.009995098039215694
13 0.8175 0.233125 0.05995689655172409 0.023706896551724144
07 0.033125 0.745625 0.008728448275862073 0.028728448275862184
20 0.4975 0.289375 0.019886363636363646 0.013636363636363669
03 0.47562499999999996 0.8787499999999999 0.013735795454545452 0.03248579545454533
