05 0.15812500000000002 0.49875 0.013733552631578966 0.02998355263157887
09 0.6399999999999999 0.37312500000000004 0.01999161073825506 0.013741610738255028
04 0.775625 0.768125 0.016206896551724137 0.018706896551724195
14 0.25125 0.285 0.007494444444444415 0.019994444444444426
10 0.315625 0.22 0.016238095238095274 0.017488095238095247
20 0.47187500000000004 0.153125 0.01624297752808984 0.01874297752808987
13 0.89 0.979375 0.034995098039215744 0.018745098039215646
20 0.268125 0.16249999999999998 0.018706896551724084 0.012456896551724134
08 0.400625 0.42874999999999996 0.01372844827586206 0.02247844827586204
20 0.83875 0.440625 0.012386363636363695 0.011136363636363611
18 0.229375 0.6581250000000001 0.01123579545454545 0.013735795454545285
00 0.485 0.903125 0.017469512195121994 0.013719512195122019
