06 0.18625 0.31625000000000003 0.027483552631578978 0.052483552631578945
18 0.72125 0.8025 0.00999161073825483 0.012491610738254888
10 0.979375 0.52 0.018706896551724084 0.014956896551724164
09 0.974375 0.56125 0.016244444444444284 0.029994444444444546
18 0.794375 0.386875 0.013738095238095105 0.016238095238095274
06 0.80625 0.9199999999999999 0.01749297752808987 0.012492977528089866
03 0.16125 0.346875 0.017495098039215673 0.03624509803921572
06 0.58875 0.1775 0.012456896551724217 0.017456896551724138
00 0.474375 0.540625 0.02372844827586207 0.016228448275862117
13 0.829375 0.046875 0.07863636363636373 0.04863636363636364
03 0.69875 0.19687144886363636 0.019985795454545263 0.01624289772727272
14 0.059382621951219516 0.828125 0.03373475609756097 0.016219512195122077
10 0.390625 0.35875 0.016232142857142806 0.01248214285714283
06 0.736875 0.5875 0.013737500000000069 0.022487499999999994
