08 0.318125 0.200625 0.04623355263157891 0.04623355263157897
05 0.23249999999999998 0.7168749999999999 0.032491610738255045 0.08124161073825487
18 0.53 0.333125 0.04495689655172408 0.046206896551724164
01 0.24624999999999997 0.109375 0.029994444444444407 0.023744444444444457
03 0.0625 0.16250000000000003 0.06248809523809523 0.05998809523809526
15 0.2025 0.860625 0.07499297752808984 0.09124297752808985
18 0.30000000000000004 0.5562499999999999 0.03999509803921569 0.042495098039215695
01 0.364375 0.965625 0.0337068965517241 0.0337068965517241
03 0.5425 0.380625 0.08247844827586204 0.03622844827586208
13 0.12125 0.11875 0.16738636363636364 0.09988636363636365
20 0.82375 0.825 0.044985795454545396 0.027485795454545325
02 0.565 0.10875 0.047469512195121966 0.044969512195121936
03 0.755625 0.7025 0.05123214285714284 0.04498214285714286
03 0.49125 0.56875 0.10998750000000002 0.07498749999999998
