14 0.54375 0.57375 0.014983552631578911 0.029983552631578925
03 0.2425 0.428125 0.017491610738255087 0.04124161073825505
14 0.36875 0.31937499999999996 0.04745689655172414 0.07120689655172413
05 0.07625 0.385 0.019994444444444454 0.03249444444444449
09 0.500625 0.25375000000000003 0.031238095238095287 0.027488095238095284
13 0.22875 0.059375 0.07999297752808987 0.07374297752808989
10 0.44 0.41125 0.014995098039215726 0.01999509803921573
04 0.763125 0.079375 0.023706896551724088 0.016206896551724137
13 0.586875 0.84625 0.10622844827586209 0.059978448275862184
03 0.2575 0.09625 0.03488636363636366 0.039886363636363636
14 0.618125 0.6475 0.023735795454545516 0.019985795454545485
08 0.7424999999999999 0.711875 0.0399695121951219 0.023719512195122028
