03 0.12875 0.042499999999999996 0.012483552631578923 0.022483552631578953
03 0.5587500000000001 0.029375 0.03999161073825508 0.01624161073825503
11 0.38625 0.73875 0.022456896551724115 0.01745689655172411
18 0.931875 0.650625 0.01124444444444439 0.013744444444444337
01 0.321875 0.16625 0.03123809523809523 0.02248809523809525
15 0.745625 0.124375 0.04124297752808981 0.023742977528089876
03 0.9793762254901961 0.375625 0.036247549019607916 0.023745098039215706
13 0.83875 0.8556250000000001 0.03745689655172413 0.08370689655172414
08 0.954375 0.14 0.021228448275862233 0.01497844827586206
14 0.583125 0.580625 0.031136363636363518 0.023636363636363567
10 0.20124999999999998 0.315625 0.014985795454545453 0.016235795454545454
04 0.0775 0.6174999999999999 0.02996951219512195 0.019969512195121886
08 0.2918794642857143 0.690625 0.028741071428571463 0.03123214285714282
