09 0.591875 0.36375 0.0362335526315789 0.027483552631578922
08 0.886875 0.5125 0.04374161073825489 0.03499161073825502
03 0.65625 0.018125 0.04245689655172402 0.028706896551724138
03 0.67625 0.12875 0.017494444444444368 0.024994444444444444
11 0.953125 0.58875 0.031238095238095065 0.024988095238095198
06 0.1875 0.50375 0.07749297752808987 0.07499297752808981
07 0.424375 0.10499877450980392 0.021245098039215704 0.029997549019607855
12 0.770625 0.763125 0.0387068965517241 0.04120689655172416
12 0.441875 0.06125 0.05122844827586209 0.03497844827586207
06 0.398125 0.757471590909091 0.0686363636363636 0.04494318181818191
07 0.393125 0.236875 0.01123579545454545 0.03623579545454547
03 0.27375 0.890625 0.022469512195121943 0.018719512195122023
03 0.9606250000000001 0.205625 0.018732142857142864 0.028732142857142817
