08 0.430625 0.27874588815789475 0.02123355263157889 0.059991776315789475
03 0.514375 0.453125 0.018741610738255088 0.04124161073825505
06 0.944375 0.370625 0.0337068965517241 0.026206896551724146
20 0.053750000000000006 0.15 0.014994444444444442 0.009994444444444472
15 0.7150000000000001 0.288125 0.024988095238095087 0.058738095238095256
07 0.6775 0.057499999999999996 0.0624929775280898 0.09499297752808988
16 0.913125 0.8943749999999999 0.031245098039215713 0.05374509803921568
09 0.123125 0.17875000000000002 0.043706896551724134 0.06495689655172412
03 0.628125 0.77625 0.03372844827586219 0.03497844827586216
20 0.73375 0.2025 0.029886363636363766 0.02738636363636368
18 0.895625 0.723125 0.026235795454545352 0.0287357954545453
20 0.37375 0.188125 0.01246951219512199 0.013719512195121991
05 0.3875 0.111875 0.049982142857142864 0.028732142857142873
03 0.44375312499999997 0.525 0.02499374999999998 0.04498749999999996
