03 0.6174999999999999 0.6581250000000001 0.03748355263157899 0.02123355263157889
00 0.054375 0.095 0.01624161073825503 0.012491610738255055
18 0.986875 0.4175 0.01370689655172408 0.01745689655172411
20 0.19625 0.31625000000000003 0.014994444444444421 0.012494444444444475
03 0.954375 0.5318750000000001 0.013738095238095105 0.016238095238095274
03 0.8175 0.9625 0.01749297752808987 0.01749297752808987
20 0.56875 0.9299999999999999 0.017495098039215673 0.017495098039215784
13 0.203125 0.62 0.08120689655172414 0.049956896551724084
06 0.104375 0.825625 0.026228448275862057 0.08372844827586212
20 0.4675 0.9375 0.014886363636363587 0.012386363636363695
03 0.27875 0.974375 0.012485795454545423 0.041235795454545254
20 0.740625 0.42 0.02121951219512197 0.014969512195121992
06 0.41625 0.645 0.02498214285714284 0.014982142857142833
20 0.66 0.81125 0.0324875 0.0324875
