19 0.038125000000000006 0.49250000000000005 0.01873355263157895 0.03748355263157893
06 0.035625000000000004 0.8868750000000001 0.021241610738255028 0.01624161073825492
06 0.934375 0.905625 0.07370689655172413 0.026206896551724146
20 0.374375 0.15562499999999999 0.03124444444444452 0.021244444444444455
18 0.694375 0.6643749999999999 0.01873809523809511 0.021238095238095167
05 0.974375 0.301875 0.0312429775280898 0.016242977528089897
07 0.776875 0.19125 0.008745098039215637 0.03999509803921569
14 0.793125 0.5843750000000001 0.026206896551724146 0.06370689655172412
07 0.35062499999999996 0.6775 0.04622844827586209 0.03497844827586216
06 0.200625 0.079375 0.021136363636363675 0.023636363636363622
06 0.26312855113636363 0.7987500000000001 0.01624289772727272 0.034985795454545277
06 0.313125 0.43125 0.06621951219512195 0.04746951219512202
06 0.135625 0.249375 0.05373214285714285 0.031232142857142847
18 0.045 0.47 0.017487500000000003 0.01998749999999999
