03 0.15375 0.35562499999999997 0.012483552631578937 0.05873355263157892
15 0.700625 0.053125000000000006 0.04124161073825483 0.046241610738255036
01 0.66125 0.453125 0.039956896551724075 0.04120689655172416
05 0.31375138888888887 0.67125 0.047497222222222246 0.03249444444444438
01 0.48625 0.3 0.037488095238095265 0.037488095238095265
09 0.7175 0.22749999999999998 0.0524929775280899 0.04499297752808987
04 0.768125 0.8243750000000001 0.038745098039215775 0.04124509803921572
03 0.87375 0.349375 0.08245689655172417 0.01870689655172414
03 0.39875 0.451875 0.07497844827586209 0.0562284482758621
03 0.23625000000000002 0.39249999999999996 0.02738636363636368 0.05488636363636362
03 0.600625 0.30125 0.05623579545454549 0.09748579545454544
02 0.78 0.651875 0.024969512195122 0.05371951219512194
11 0.9356249999999999 0.235625 0.04873214285714289 0.026232142857142815
18 0.9412499999999999 0.82375 0.02498750000000005 0.027487499999999998
