03 0.40937500000000004 0.3825 0.0337335526315789 0.03248355263157887
12 0.6487499999999999 0.7525 0.05749161073825493 0.032491610738254906
04 0.66875 0.8925 0.032456896551724124 0.02745689655172412
07 0.5900000000000001 0.17124999999999999 0.022494444444444484 0.03249444444444444
20 0.35250000000000004 0.486875 0.024988095238095254 0.01873809523809522
15 0.18625 0.641875 0.08749297752808988 0.028742977528089853
20 0.56 0.559375 0.012495098039215669 0.011245098039215695
00 0.03875000000000001 0.544375 0.029956896551724142 0.02120689655172414
03 0.684375 0.6175 0.03872844827586219 0.039978448275862055
07 0.5194034090909091 0.33375 0.09369318181818181 0.024886363636363595
18 0.506875 0.453125 0.018735795454545456 0.023735795454545516
09 0.649375 0.193125 0.02121951219512197 0.03121951219512198
14 0.94875 0.569375 0.032482142857142904 0.043732142857142775
07 0.8768750000000001 0.533125 0.03373750000000009 0.02123750000000002
