20 0.3375 0.799375 0.014983552631578911 0.01123355263157888
05 0.910625 0.546875 0.021241610738254924 0.021241610738255146
06 0.24125 0.19375 0.04995689655172414 0.04745689655172414
10 0.743125 0.98 0.016244444444444395 0.017494444444444368
20 0.643125 0.285625 0.01873809523809522 0.013738095238095271
08 0.359375 0.9225 0.016242977528089897 0.024992977528089932
03 0.8275 0.164375 0.049995098039215646 0.018745098039215702
09 0.57375 0.6131249999999999 0.01745689655172411 0.02120689655172414
04 0.37 0.83875 0.024978448275862042 0.024978448275862153
00 0.8899999999999999 0.330625 0.014886363636363753 0.013636363636363558
07 0.22625 0.6831214488636363 0.06248579545454547 0.021242897727272725
20 0.1475 0.81375 0.014969512195121937 0.012469512195121935
