07 0.48375 0.47 0.05498355263157895 0.022483552631578918
12 0.22562500000000002 0.58125 0.053741610738255036 0.05499161073825498
07 0.195 0.9275 0.05245689655172414 0.05995689655172409
03 0.6056250000000001 0.04875 0.02124444444444451 0.04499444444444445
05 0.28437500000000004 0.0675 0.02373809523809528 0.049988095238095234
10 0.0325 0.6 0.032492977528089884 0.02749297752808988
10 0.714375 0.8981250000000001 0.028745098039215655 0.028745098039215766
17 0.638125 0.593125 0.053706896551724115 0.04120689655172405
03 0.468125 0.366875 0.028728448275862073 0.02372844827586207
01 0.215625 0.91125 0.03863636363636366 0.03488636363636366
03 0.25375 0.5518749999999999 0.07248579545454545 0.026235795454545463
