20 0.17812499999999998 0.84 0.023733552631578975 0.02498355263157892
04 0.22 0.353125 0.02999161073825507 0.023741610738255037
00 0.063125 0.341875 0.028706896551724148 0.02120689655172414
14 0.5406249999999999 0.044375 0.011244444444444501 0.033744444444444445
07 0.18312499999999998 0.5662499999999999 0.038738095238095266 0.11248809523809522
04 0.07375000000000001 0.41000000000000003 0.02499297752808989 0.014992977528089868
06 0.154375 0.16499999999999998 0.008745098039215693 0.0749950980392157
03 0.88125 0.079375 0.029956896551724066 0.01870689655172414
06 0.698125 0.9606250000000001 0.028728448275862295 0.0337284482758623
03 0.7424999999999999 0.11 0.03488636363636377 0.02238636363636362
04 0.21375 0.756875 0.03248579545454547 0.021235795454545348
15 0.9387423780487805 0.02 0.014984756097561003 0.009969512195121953
08 0.865 0.516875 0.022482142857142895 0.04373214285714283
08 0.906875 0.610625 0.018737500000000074 0.043737499999999985
