04 0.404375 0.8143750000000001 0.04123355263157891 0.033733552631578845
01 0.064375 0.04375 0.041241610738255045 0.03249161073825503
15 0.276875 0.53125 0.03870689655172416 0.0549568965517242
06 0.08625 0.41437500000000005 0.009994444444444459 0.0762444444444445
03 0.328125 0.6381249999999999 0.11873809523809531 0.10873809523809519
04 0.34125 0.840625 0.032492977528089884 0.023742977528089848
13 0.6475 0.164375 0.11999509803921571 0.0512450980392157
18 0.88 0.97 0.024956896551724173 0.02745689655172412
04 0.9412499999999999 0.490625 0.03747844827586222 0.03122844827586202
03 0.31062499999999993 0.6956249999999999 0.03363636363636363 0.061136363636363655
08 0.67875 0.765 0.054985795454545294 0.03498579545454539
20 0.59625 0.400625 0.014969512195121992 0.011219512195121961
