15 0.600625 0.08625 0.06623355263157893 0.04498355263157894
03 0.9624999999999999 0.385 0.059991610738254875 0.024991610738255066
16 0.7518750000000001 0.178125 0.04120689655172416 0.06870689655172413
20 0.45499999999999996 0.07875000000000001 0.0399944444444445 0.03249444444444445
03 0.07874702380952381 0.22125 0.062494047619047616 0.029988095238095258
03 0.316875 0.47124999999999995 0.03874297752808986 0.05749297752808985
14 0.896875 0.315625 0.028745098039215655 0.05874509803921568
18 0.2425 0.330625 0.034956896551724154 0.0387068965517241
10 0.865625 0.171875 0.03122844827586224 0.02622844827586207
10 0.8474999999999999 0.870625 0.03738636363636372 0.026136363636363735
00 0.606875 0.52125 0.05373579545454554 0.054985795454545405
05 0.6993750000000001 0.525625 0.05871951219512195 0.028719512195122032
