03 0.7793749999999999 0.901875 0.033733552631578845 0.06373355263157887
06 0.23249999999999998 0.774375 0.044991610738255056 0.1162416107382549
03 0.5943750000000001 0.555625 0.053706896551724115 0.023706896551724088
06 0.936875 0.8456250000000001 0.09374444444444441 0.04624444444444442
04 0.131875 0.30374999999999996 0.026238095238095227 0.022488095238095307
03 0.9393750000000001 0.10875 0.0212429775280899 0.02749297752808988
19 0.379375 0.661875 0.021245098039215704 0.03374509803921577
03 0.405625 0.255625 0.026206896551724146 0.026206896551724118
03 0.88375 0.24875 0.0174784482758622 0.05747844827586207
15 0.9 0.36250000000000004 0.019886363636363757 0.014886363636363587
