01 0.103125 0.8574999999999999 0.013733552631578938 0.012483552631578854
18 0.37687499999999996 0.399375 0.018741610738255032 0.021241610738255035
18 0.71 0.10750000000000001 0.01745689655172411 0.019956896551724126
10 0.31875000000000003 0.06937499999999999 0.01749444444444448 0.016244444444444436
08 0.59125 0.29625 0.0149880952380953 0.03998809523809527
03 0.8725 0.5018750000000001 0.049992977528089955 0.04124297752808992
13 0.415625 0.740625 0.04624509803921567 0.13374509803921564
08 0.588114224137931 0.63375 0.073728448275862 0.05495689655172409
08 0.02125 0.8925 0.037478448275862074 0.012478448275862197
04 0.913125 0.351875 0.026136363636363735 0.026136363636363624
04 0.519375 0.86625 0.031235795454545467 0.027485795454545325
20 0.06625 0.32437499999999997 0.024969512195121946 0.023719512195121972
03 0.65875 0.37625 0.0274821428571429 0.02998214285714279
13 0.82875 0.568125 0.15498750000000006 0.14123750000000007
