14 0.833125 0.2575 0.06623355263157893 0.022483552631578974
06 0.46249790268456376 0.384375 0.04999580536912751 0.12124161073825507
20 0.11374999999999999 0.275625 0.02995689655172412 0.03120689655172415
01 0.641875 0.61375 0.033744444444444355 0.03499444444444455
07 0.52875 0.224375 0.04498809523809533 0.03373809523809526
04 0.8243750000000001 0.3025 0.04624297752808981 0.039992977528089835
14 0.96 0.39625 0.032495098039215686 0.06749509803921572
14 0.28875 0.2325 0.05995689655172409 0.05995689655172415
07 0.8362499999999999 0.515 0.04497844827586228 0.04747844827586212
11 0.115625 0.346875 0.04113636363636364 0.026136363636363624
