14 0.245 0.46499999999999997 0.05998355263157895 0.03248355263157893
03 0.81875 0.179375 0.042491610738254915 0.033741610738255046
08 0.636875 0.144375 0.05620689655172417 0.016206896551724137
13 0.608125 0.325 0.07124444444444433 0.014994444444444421
03 0.150625 0.659375 0.03873809523809524 0.03623809523809507
14 0.07 0.829375 0.03249297752808989 0.07124297752808983
08 0.971875 0.345 0.02624509803921571 0.03749509803921569
03 0.5475 0.048125 0.024956896551724173 0.04870689655172414
03 0.424375 0.5225 0.04622844827586203 0.04997844827586201
03 0.763125 0.8500000000000001 0.03113636363636374 0.03738636363636372
06 0.75375 0.45499999999999996 0.04748579545454534 0.017485795454545483
18 0.066875 0.645625 0.026219512195121947 0.028719512195122032
10 0.7112499999999999 0.3575 0.039982142857142855 0.03498214285714285
