18 0.8 0.16999999999999998 0.014983552631578911 0.017483552631578997
10 0.4425020973154362 0.51125 0.022495805369127486 0.017491610738255003
15 0.229375 0.924375 0.016206896551724137 0.028706896551724204
18 0.1875 0.06375 0.022494444444444428 0.024994444444444437
05 0.6725 0.895 0.037488095238095154 0.027488095238095145
03 0.93125 0.41312499999999996 0.02749297752808988 0.058742977528089824
03 0.396875 0.924375 0.03624509803921566 0.028745098039215766
03 0.7987500000000001 0.5800000000000001 0.029956896551724177 0.014956896551724053
03 0.10625 0.715625 0.059978448275862045 0.03122844827586213
03 0.7237215909090909 0.37812500000000004 0.01744318181818194 0.05113636363636359
03 0.53125 0.204375 0.03498579545454539 0.031235795454545467
08 0.334375 0.836875 0.056219512195121946 0.03621951219512198
