03 0.321875 0.500625 0.04373355263157891 0.0337335526315789
03 0.7050000000000001 0.464375 0.04499161073825497 0.018741610738255032
08 0.35750000000000004 0.90625 0.08245689655172411 0.04245689655172402
10 0.7324999999999999 0.55125 0.047494444444444395 0.03249444444444449
18 0.575625 0.0625 0.033738095238095345 0.034988095238095235
07 0.553125 0.896875 0.05874297752808988 0.12124297752808988
03 0.888125 0.488125 0.03374509803921566 0.04374509803921567
09 0.5525 0.53 0.03745689655172413 0.04745689655172414
05 0.5406249999999999 0.5 0.036228448275862024 0.049978448275862064
14 0.16875 0.8125 0.042386363636363666 0.06738636363636363
14 0.96625 0.2 0.03748579545454522 0.019985795454545457
14 0.039999999999999994 0.49 0.039969512195121945 0.07246951219512199
03 0.23375 0.369375 0.08998214285714282 0.04123214285714283
10 0.17812499999999998 0.714375 0.0312375 0.03123750000000003
