09 0.17250000000000001 0.05875 0.04998355263157894 0.03498355263157895
04 0.5956250000000001 0.88875 0.03374161073825499 0.022491610738254897
10 0.474375 0.7093750000000001 0.026206896551724146 0.023706896551724088
03 0.47562499999999996 0.6012500000000001 0.018744444444444508 0.01749444444444459
03 0.796875 0.34875 0.048738095238095136 0.02498809523809531
06 0.57875 0.29000000000000004 0.05999297752808985 0.03999297752808989
14 0.728125 0.8987499999999999 0.02624509803921571 0.022495098039215677
03 0.384375 0.68625 0.021206896551724086 0.032456896551724124
06 0.96 0.395 0.02747844827586221 0.017478448275862035
15 0.064375 0.575 0.016136363636363643 0.022386363636363593
16 0.388125 0.666875 0.05373579545454543 0.03873579545454531
18 0.3625 0.52 0.024969512195122 0.027469512195121948
