20 0.044375 0.6325000000000001 0.03373355263157895 0.03498355263157882
06 0.290625 0.051875000000000004 0.02874161073825504 0.021241610738255028
13 0.05437499999999999 0.18125 0.05620689655172413 0.05245689655172414
03 0.813125 0.5975 0.023744444444444346 0.01749444444444448
14 0.56 0.73125 0.047488095238095274 0.03248809523809515
19 0.50375 0.468125 0.0499929775280899 0.03874297752808986
03 0.155625 0.546875 0.1087450980392157 0.03374509803921577
03 0.238125 0.79625 0.01870689655172414 0.049956896551724084
05 0.638125 0.42375 0.03872844827586208 0.029978448275862046
12 0.32375 0.6675 0.04488636363636367 0.039886363636363775
