14 0.9199999999999999 0.6925 0.04998355263157894 0.029983552631578814
20 0.49875 0.014374999999999999 0.01749161073825506 0.018741610738255032
03 0.126875 0.97125 0.02370689655172413 0.02495689655172406
04 0.10125 0.7887500000000001 0.027494444444444474 0.02249444444444426
14 0.756875 0.30937499999999996 0.023738095238095114 0.018738095238095276
08 0.84125 0.90625 0.029992977528089937 0.014992977528089924
05 0.37 0.556875 0.017495098039215673 0.021245098039215704
06 0.236875 0.07623922413793104 0.05870689655172412 0.03997844827586206
03 0.04625 0.746875 0.04747844827586206 0.05872844827586221
12 0.585 0.301875 0.029886363636363655 0.03113636363636363
03 0.14125 0.76875 0.04498579545454548 0.017485795454545316
