09 0.483125 0.651875 0.02373355263157889 0.05873355263157887
06 0.724375 0.71 0.013741610738254861 0.03749161073825491
14 0.40375 0.31625 0.029956896551724177 0.04245689655172413
20 0.816875 0.938125 0.01124444444444439 0.013744444444444337
03 0.024375 0.4075 0.021238095238095236 0.04748809523809522
03 0.2425 0.7731250000000001 0.017492977528089843 0.026242977528089795
04 0.6225 0.516875 0.024995098039215624 0.02624509803921571
03 0.32625 0.448125 0.01745689655172411 0.028706896551724093
00 0.505 0.23875000000000002 0.0274784482758621 0.029978448275862074
11 0.345 0.895 0.027386363636363598 0.02738636363636371
09 0.61375 0.973125 0.04248579545454545 0.023735795454545294
14 0.6275 0.295625 0.027469512195121948 0.018719512195121968
03 0.205625 0.704375 0.05373214285714284 0.01373214285714286
