14 0.298125 0.234375 0.04373355263157902 0.02623355263157895
14 0.913125 0.9025000000000001 0.03624161073825494 0.029991610738254848
06 0.6568750000000001 0.825 0.043706896551724106 0.07745689655172405
08 0.41 0.62125 0.0424944444444445 0.027494444444444488
20 0.703125 0.729375 0.023738095238095225 0.01873809523809511
14 0.20124999999999998 0.555625 0.02499297752808985 0.03874297752808986
18 0.49375 0.55 0.01749509803921573 0.01999509803921573
03 0.7012499999999999 0.519375 0.022456896551724115 0.0387068965517241
11 0.30874999999999997 0.42125 0.03247844827586205 0.027478448275862044
19 0.6775 0.344375 0.022386363636363704 0.02863636363636357
01 0.731875 0.54125 0.02623579545454524 0.02498579545454538
13 0.17875000000000002 0.655625 0.15996951219512195 0.043719512195121935
12 0.51125 0.756875 0.05498214285714281 0.04623214285714283
20 0.791875 0.705 0.026237499999999914 0.022487499999999994
