18 0.565625 0.071875 0.033733552631578845 0.03873355263157895
15 0.3375 0.283125 0.04499161073825503 0.02624161073825504
03 0.79375 0.27875 0.08495689655172411 0.019956896551724168
04 0.40625 0.68875 0.03499444444444455 0.03249444444444438
00 0.486875 0.971875 0.0462380952380953 0.02623809523809506
12 0.228125 0.15999999999999998 0.058742977528089824 0.06499297752808988
10 0.445625 0.93625 0.03624509803921572 0.032495098039215686
08 0.6425 0.62625 0.06745689655172415 0.029956896551724177
15 0.7518750000000001 0.5231250000000001 0.05872844827586221 0.04122844827586214
13 0.694375 0.9437500000000001 0.05113636363636376 0.057386363636363735
07 0.6525 0.6793750000000001 0.054985795454545405 0.021235795454545348
12 0.339375 0.23375 0.11871951219512195 0.07246951219512199
05 0.17749553571428572 0.1525 0.05749107142857143 0.03498214285714285
14 0.445 0.233125 0.047487500000000016 0.0612375
