13 0.518125 0.334375 0.07373355263157888 0.08373355263157894
06 0.05687500000000001 0.7593749999999999 0.05874161073825504 0.0587416107382549
07 0.5974999999999999 0.22499999999999998 0.039956896551724186 0.012456896551724134
13 0.373125 0.916875 0.06374444444444449 0.04874444444444426
10 0.60625 0.570625 0.029988095238095203 0.021238095238095278
03 0.09125 0.8975 0.07499297752808987 0.047492977528089786
04 0.594375 0.32625000000000004 0.04124509803921561 0.03499509803921569
04 0.6725 0.83875 0.04745689655172414 0.02745689655172412
11 0.575625 0.60625 0.04122844827586214 0.04247844827586211
04 0.15750000000000003 0.21375 0.04238636363636364 0.03738636363636366
18 0.6112500000000001 0.968125 0.027485795454545436 0.0287357954545453
08 0.8625 0.776875 0.06996951219512193 0.04621951219512199
06 0.7518750000000001 0.23812499999999998 0.033732142857142766 0.01123214285714283
05 0.951875 0.9237500000000001 0.05123750000000005 0.02498750000000005
