20 0.9181250000000001 0.09625 0.02123355263157889 0.019983552631578944
07 0.780625 0.3537479026845638 0.02374161073825487 0.03499580536912755
04 0.70875 0.49 0.019956896551724057 0.01745689655172411
08 0.7925 0.38875000000000004 0.017494444444444368 0.0399944444444445
12 0.135625 0.610625 0.021238095238095223 0.023738095238095225
03 0.153125 0.829375 0.01874297752808987 0.01374297752808984
20 0.43875 0.41375 0.01749509803921573 0.014995098039215726
06 0.72375 0.7675000000000001 0.029956896551724066 0.00995689655172416
15 0.855 0.4243696120689655 0.02747844827586221 0.021239224137931
03 0.93875 0.32875 0.009886363636363749 0.012386363636363584
03 0.34875 0.6825 0.022485795454545432 0.029985795454545272
14 0.8125 0.8118749999999999 0.012469512195121935 0.016219512195121966
