11 0.955625 0.665625 0.051233552631578916 0.0362335526315789
07 0.701875 0.6018749999999999 0.06124161073825496 0.06374161073825502
15 0.5606249999999999 0.8981250000000001 0.028706896551724204 0.026206896551724035
20 0.26375000000000004 0.5262500000000001 0.042494444444444446 0.03249444444444449
06 0.129375 0.244375 0.038738095238095224 0.17873809523809525
02 0.20812499999999998 0.374375 0.14624297752808985 0.06874297752808983
11 0.3725 0.17562499999999998 0.06249509803921571 0.03374509803921569
15 0.033125 0.07874999999999999 0.046206896551724136 0.062456896551724136
17 0.116875 0.256875 0.05122844827586205 0.05622844827586207
10 0.864375 0.63625 0.05113636363636376 0.05238636363636362
04 0.919375 0.131875 0.03623579545454525 0.03873579545454546
05 0.90625 0.350625 0.05246951219512197 0.03121951219512198
