03 0.9068750000000001 0.0775 0.031233552631578898 0.05998355263157895
20 0.07625 0.059375 0.02749161073825504 0.026241610738255032
06 0.56 0.681875 0.07245689655172416 0.13620689655172413
11 0.23812500000000003 0.608125 0.041244444444444445 0.04124444444444453
00 0.148125 0.114375 0.05373809523809525 0.04123809523809524
03 0.3275 0.40437500000000004 0.02749297752808988 0.04624297752808987
18 0.60625 0.020000000000000004 0.027495098039215682 0.02999509803921569
03 0.294375 0.7887500000000001 0.04120689655172416 0.049956896551724195
14 0.46125 0.080625 0.039978448275862055 0.033728448275862064
05 0.6825 0.63875 0.049886363636363784 0.02488636363636365
