06 0.5356208881578948 0.85875 0.023741776315789442 0.037483552631578876
08 0.5375000000000001 0.468125 0.052491610738255035 0.04874161073825506
01 0.305 0.42500000000000004 0.032456896551724124 0.02995689655172412
05 0.51 0.65875 0.02999444444444449 0.02499444444444443
18 0.0475 0.03 0.019988095238095235 0.022488095238095238
06 0.24125000000000002 0.69625 0.029992977528089854 0.014992977528089813
01 0.61875 0.8925000000000001 0.024995098039215735 0.01999509803921573
03 0.43125 0.3525 0.10995689655172414 0.10995689655172414
03 0.5081249999999999 0.034999999999999996 0.05622844827586204 0.02747844827586207
10 0.5018750000000001 0.83875 0.02113636363636362 0.02738636363636382
