08 0.46499999999999997 0.26375000000000004 0.027483552631578922 0.02998355263157898
04 0.249375 0.346875 0.026241610738255067 0.03624161073825505
10 0.756875 0.5449999999999999 0.023706896551724088 0.02495689655172406
03 0.94875 0.5743750000000001 0.027494444444444377 0.05124444444444454
03 0.383125 0.28 0.02873809523809523 0.05248809523809522
08 0.40875 0.97125 0.012492977528089866 0.03749297752808978
15 0.1975 0.731875 0.03749509803921569 0.01624509803921559
03 0.055 0.486239224137931 0.03245689655172414 0.022478448275862095
04 0.6781250000000001 0.759375 0.028728448275862184 0.02372844827586218
03 0.24875 0.883125 0.027386363636363653 0.02113636363636373
15 0.666875 0.199375 0.006235795454545334 0.018735795454545456
15 0.35875 0.9043673780487804 0.04246951219512196 0.008734756097560914
18 0.25375000000000003 0.6018749999999999 0.017482142857142835 0.02123214285714281
05 0.4425 0.734375 0.01748749999999999 0.043737499999999985
