14 0.59625 0.70125 0.0774835526315788 0.037483552631578876
20 0.14 0.613125 0.01749161073825503 0.013741610738255083
08 0.39437500000000003 0.374375 0.02620689655172409 0.04620689655172411
06 0.79125 0.50625 0.04499999999999993 0.13249444444444447
04 0.8456250000000001 0.210625 0.03373809523809512 0.026238095238095283
08 0.10125 0.42625 0.0524929775280899 0.049992977528089844
14 0.140625 0.21687499999999998 0.03874509803921568 0.07874509803921567
06 0.629375 0.56125 0.0387068965517241 0.1374568965517241
01 0.290625 0.52625 0.03372844827586202 0.03247844827586199
07 0.885 0.36124999999999996 0.02738636363636382 0.08488636363636365
12 0.91875 0.2475 0.044985795454545285 0.06748579545454547
03 0.195 0.7825 0.03496951219512198 0.082469512195122
