03 0.9043749999999999 0.50125 0.033733552631578845 0.014983552631578856
03 0.97125 0.4275 0.05499161073825498 0.034991610738255075
03 0.6468750000000001 0.14625 0.11370689655172417 0.062456896551724136
11 0.55125 0.705625 0.03249444444444449 0.02874444444444435
07 0.455625 0.43625 0.03623809523809529 0.03498809523809526
17 0.660625 0.8831249999999999 0.0312429775280898 0.03374297752808986
04 0.776875 0.4175 0.03624509803921572 0.019995098039215675
04 0.23249999999999998 0.056874999999999995 0.02995689655172415 0.02870689655172414
03 0.6225 0.33375 0.024978448275862042 0.03747844827586205
01 0.665 0.989375 0.019886363636363757 0.016136363636363837
08 0.74375 0.22875 0.02498579545454538 0.017485795454545455
20 0.545625 0.7731250000000001 0.03121951219512198 0.026219512195121975
