10 0.823125 0.43125 0.016233552631578885 0.017483552631578914
11 0.73 0.6956249999999999 0.01999161073825495 0.021241610738254812
20 0.860625 0.06812499999999999 0.011206896551724133 0.008706896551724144
08 0.5775 0.649375 0.0374944444444445 0.01124444444444439
07 0.9875 0.66875 0.009988095238095185 0.05998809523809512
03 0.923125 0.88375 0.018742977528089844 0.032492977528089884
10 0.813125 0.42375 0.023745098039215762 0.022495098039215677
14 0.38749999999999996 0.164375 0.034956896551724126 0.016206896551724137
04 0.40625 0.7518750000000001 0.019978448275862037 0.018728448275862175
20 0.49749999999999994 0.07375000000000001 0.014886363636363587 0.014886363636363628
00 0.14625 0.75625 0.017485795454545455 0.01498579545454537
11 0.103125 0.7424999999999999 0.028719512195121935 0.019969512195121886
14 0.645625 0.0125 0.03873214285714277 0.01498214285714286
07 0.8081281250000001 0.1375 0.02624375000000001 0.07748750000000001
