03 0.514375 0.55 0.12873355263157893 0.0674835526315789
02 0.16 0.7825 0.05749161073825504 0.06749161073825494
08 0.899375 0.155 0.046206896551724164 0.054956896551724144
18 0.56875 0.92875 0.047494444444444506 0.04999444444444434
08 0.48 0.234375 0.059988095238095285 0.07623809523809524
12 0.93125 0.64375 0.06999297752808986 0.07749297752808981
14 0.81 0.865625 0.06499509803921566 0.04874509803921567
12 0.263125 0.8512500000000001 0.09120689655172412 0.10495689655172413
07 0.5906250000000001 0.838125 0.2862284482758622 0.053728448275862206
03 0.701875 0.911875 0.05613636363636376 0.04113636363636375
