14 0.803125 0.5275 0.0362335526315789 0.047483552631578885
03 0.045 0.67125 0.02249161073825503 0.042491610738254915
06 0.059375 0.575625 0.06620689655172413 0.053706896551724115
08 0.44062500000000004 0.3825 0.013744444444444504 0.047494444444444506
04 0.306875 0.9225 0.031238095238095287 0.019988095238095083
03 0.65625 0.391875 0.0474929775280899 0.048742977528089815
08 0.634375 0.909375 0.02624509803921571 0.013745098039215642
03 0.21625 0.471875 0.06495689655172412 0.026206896551724146
03 0.923125 0.8075 0.026228448275862237 0.042478448275862224
11 0.230625 0.10375 0.03613636363636369 0.03488636363636363
06 0.7268749999999999 0.02375 0.06623579545454528 0.019985795454545457
06 0.7675000000000001 0.5575 0.04496951219512202 0.09996951219512207
12 0.865 0.39249999999999996 0.04998214285714275 0.044982142857142804
