13 0.15500000000000003 0.408125 0.14248355263157897 0.061233552631578925
06 0.476875 0.888125 0.03624161073825505 0.021241610738254812
03 0.49812500000000004 0.94 0.0262068965517242 0.11995689655172403
10 0.290625 0.32375 0.028744444444444406 0.024994444444444486
20 0.905625 0.20124999999999998 0.028738095238095118 0.02498809523809528
03 0.105625 0.6575 0.04374297752808991 0.022492977528089875
11 0.565625 0.865 0.038745098039215775 0.034995098039215744
18 0.06749999999999999 0.29000000000000004 0.02745689655172414 0.02995689655172412
15 0.825625 0.23500000000000001 0.026228448275862237 0.052478448275862066
07 0.26875 0.48 0.07488636363636367 0.05488636363636362
