05 0.8106249999999999 0.6425000000000001 0.023733552631578836 0.039983552631578934
18 0.445 0.054375 0.027491610738255012 0.028741610738255027
08 0.73375 0.14811422413793102 0.049956896551724084 0.041228448275862056
19 0.050625 0.485 0.02624444444444444 0.0374944444444445
03 0.27937500000000004 0.431875 0.04123809523809524 0.05373809523809525
06 0.238125 0.37 0.12874297752808989 0.07999297752808987
10 0.1275 0.3325 0.027495098039215682 0.02499509803921568
06 0.774375 0.68625 0.06620689655172407 0.07745689655172416
03 0.09625 0.1725 0.04497844827586206 0.05497844827586204
18 0.6781250000000001 0.75625 0.026136363636363735 0.029886363636363766
