01 0.13875 0.62 0.03248355263157894 0.03498355263157893
07 0.9156249999999999 0.646875 0.0587416107382549 0.08124161073825498
03 0.819375 0.37312500000000004 0.023706896551724088 0.07120689655172413
12 0.10687500000000001 0.941875 0.053744444444444456 0.05374444444444437
20 0.486875 0.9425 0.02873809523809523 0.019988095238095083
10 0.08875 0.621875 0.032492977528089884 0.03374297752808986
06 0.4843737745098039 0.68625 0.08374754901960779 0.09499509803921569
14 0.8049999999999999 0.676875 0.049956896551724195 0.036206896551724155
08 0.21375 0.45125000000000004 0.07997844827586206 0.019978448275862093
15 0.826875 0.81 0.018636363636363784 0.03488636363636377
