12 0.9575 0.143125 0.05248355263157889 0.048733552631578955
10 0.15250000000000002 0.21625 0.03499161073825505 0.027491610738255068
11 0.53625 0.79375 0.04495689655172419 0.03745689655172413
04 0.8831249999999999 0.4425 0.03874444444444436 0.0374944444444445
10 0.32999999999999996 0.058125 0.029988095238095258 0.02373809523809524
15 0.964375 0.46125 0.026242977528089906 0.029992977528089826
14 0.17812499999999998 0.9412499999999999 0.041245098039215694 0.042495098039215695
12 0.5825 0.7737499999999999 0.05995689655172409 0.039956896551724186
00 0.74 0.074375 0.042478448275862224 0.028728448275862066
15 0.924375 0.42874999999999996 0.026136363636363735 0.0298863636363636
03 0.553125 0.23812499999999998 0.061235795454545494 0.06623579545454547
