06 0.58875 0.301875 0.022483552631578974 0.021233552631579
14 0.8356250000000001 0.520625 0.03124161073825482 0.061241610738255015
03 0.08187499999999999 0.525 0.04870689655172413 0.04745689655172414
07 0.88375 0.653125 0.04999444444444434 0.0837444444444444
06 0.46687500000000004 0.96875 0.04123809523809524 0.024988095238095198
20 0.975625 0.33125 0.03124297752808991 0.029992977528089826
18 0.954375 0.7406250000000001 0.021245098039215704 0.02374509803921565
06 0.40249999999999997 0.335625 0.054956896551724144 0.0337068965517241
18 0.7350000000000001 0.051250000000000004 0.0174784482758622 0.019978448275862058
14 0.795625 0.44375 0.03113636363636374 0.0298863636363636
03 0.64375 0.68375 0.019985795454545374 0.027485795454545325
14 0.839375 0.368125 0.03871951219512204 0.026219512195121975
20 0.844375 0.59375 0.02373214285714287 0.019982142857142726
