06 0.57375 0.5325 0.06998355263157885 0.04998355263157894
18 0.69 0.45875 0.0274916107382549 0.02999161073825507
01 0.8975 0.7024999999999999 0.02745689655172412 0.022456896551724115
06 0.909375 0.27375000000000005 0.026244444444444404 0.03249444444444444
05 0.3075 0.39875000000000005 0.037488095238095265 0.04498809523809527
08 0.34687500000000004 0.09125 0.05124297752808987 0.017492977528089884
06 0.21250000000000002 0.1225 0.08999509803921571 0.13999509803921567
14 0.6475 0.85875 0.09245689655172418 0.03495689655172418
15 0.3775 0.2225 0.03747844827586211 0.027478448275862044
03 0.84 0.62625 0.049886363636363784 0.019886363636363646
