19 0.945625 0.7887500000000001 0.026233552631578894 0.02498355263157881
14 0.75875 0.218125 0.024991610738254955 0.041241610738255025
05 0.961875 0.305625 0.028706896551724093 0.016206896551724137
01 0.39125 0.6087499999999999 0.022494444444444484 0.022494444444444484
03 0.9737499999999999 0.56625 0.012488095238095132 0.02248809523809525
20 0.9768749999999999 0.575 0.01374297752808984 0.014992977528089813
03 0.225 0.6956249999999999 0.027495098039215682 0.026245098039215597
08 0.569375 0.484364224137931 0.028706896551724093 0.02372844827586207
08 0.15749999999999997 0.40375 0.017478448275862063 0.012478448275862086
03 0.31375 0.145625 0.02238636363636365 0.011136363636363639
