06 0.7143791118421052 0.783125 0.028741776315789447 0.04623355263157891
13 0.2975 0.09875 0.07499161073825505 0.07999161073825506
14 0.19437500000000002 0.485625 0.033706896551724125 0.01870689655172414
03 0.22875 0.55625 0.027494444444444432 0.0374944444444445
05 0.74625 0.249375 0.017488095238095136 0.03623809523809529
18 0.218125 0.8143750000000001 0.021242977528089874 0.023742977528089848
04 0.08249999999999999 0.704375 0.01999509803921569 0.021245098039215704
03 0.19437500000000002 0.19187500000000002 0.02870689655172412 0.03620689655172413
00 0.76125 0.48 0.02997844827586227 0.029978448275862046
01 0.5525 0.700625 0.02488636363636365 0.026136363636363735
07 0.434375 0.35125 0.13123579545454545 0.05248579545454546
20 0.733125 0.555625 0.016219512195121966 0.016219512195121966
06 0.944375 0.235625 0.01373214285714286 0.028732142857142817
11 0.9275 0.89375 0.03748750000000001 0.029987499999999945
