06 0.33125 0.9337500000000001 0.04498355263157894 0.04248355263157888
17 0.1925 0.7775000000000001 0.02749161073825504 0.029991610738254848
20 0.990010775862069 0.49375 0.01747844827586209 0.014956896551724164
01 0.855625 0.9375 0.0212444444444444 0.022494444444444373
14 0.0975 0.9775 0.014988095238095231 0.02248809523809514
06 0.019375 0.42874999999999996 0.011242977528089887 0.024992977528089877
18 0.581875 0.98125 0.0162450980392157 0.017495098039215673
08 0.626885775862069 0.8225 0.028728448275862073 0.019956896551724057
03 0.885625 0.7375 0.04122844827586225 0.029978448275862157
01 0.3375 0.95875 0.009886363636363582 0.007386363636363802
08 0.89 0.7025 0.017485795454545316 0.01498579545454537
03 0.954375 0.754375 0.016219512195121966 0.02121951219512197
