03 0.573125 0.788125 0.016233552631578885 0.061233552631578925
01 0.225 0.5406249999999999 0.014991610738255057 0.011241610738255026
01 0.6912499999999999 0.7818750000000001 0.03495689655172407 0.03120689655172415
18 0.63 0.440625 0.019994444444444426 0.02124444444444451
03 0.708125 0.7518750000000001 0.03873809523809513 0.031238095238095176
20 0.8843749999999999 0.2575 0.011242977528089892 0.012492977528089866
05 0.8318749999999999 0.17312499999999997 0.02374509803921565 0.03624509803921569
03 0.659375 0.10875 0.026206896551724146 0.052456896551724114
14 0.504375 0.905 0.021228448275862066 0.0174784482758622
08 0.34875 0.4418465909090909 0.04488636363636356 0.03369318181818182
03 0.35875 0.459375 0.059985795454545465 0.0737357954545455
13 0.291875 0.255 0.03121951219512198 0.054969512195121945
