12 0.328125 0.451875 0.04123355263157896 0.07123355263157888
01 0.89375 0.434375 0.0274916107382549 0.021241610738255035
03 0.038125000000000006 0.02375 0.016206896551724144 0.022456896551724143
06 0.925 0.6012500000000001 0.007494444444444359 0.03499444444444444
04 0.059375 0.238125 0.04123809523809523 0.0437380952380953
10 0.684375 0.82875 0.03374297752808986 0.029992977528089826
20 0.358125 0.6837500000000001 0.02124509803921565 0.01999509803921573
12 0.3375 0.6387499999999999 0.04995689655172414 0.05245689655172414
03 0.611875 0.231875 0.016228448275862006 0.043728448275862086
14 0.285 0.4425 0.04488636363636367 0.06738636363636363
04 0.33125 0.6543749999999999 0.037485795454545445 0.033735795454545414
