04 0.185 0.7793749999999999 0.02998355263157898 0.02873355263157895
13 0.31875 0.205 0.07749161073825506 0.09749161073825502
10 0.58625 0.8975 0.02745689655172412 0.022456896551724115
06 0.244375 0.77125 0.016244444444444422 0.027494444444444266
03 0.11875 0.869375 0.03498809523809525 0.048738095238095136
06 0.14125 0.48812500000000003 0.017492977528089898 0.028742977528089908
03 0.170625 0.836875 0.023745098039215706 0.03374509803921566
14 0.76 0.65375 0.019956896551724057 0.03495689655172407
03 0.41312499999999996 0.30562500000000004 0.0612284482758621 0.09872844827586208
03 0.235 0.459375 0.03738636363636369 0.013636363636363613
