08 0.809375 0.645625 0.05373355263157886 0.09123355263157884
02 0.25125000000000003 0.6375 0.17749161073825506 0.09999161073825502
15 0.43375 0.840625 0.14495689655172417 0.05620689655172406
18 0.044375 0.045625 0.058744444444444446 0.061244444444444435
01 0.7 0.19624999999999998 0.04248809523809516 0.027488095238095284
10 0.46187500000000004 0.48187499999999994 0.06124297752808988 0.038742977528089806
14 0.258125 0.105 0.09124509803921566 0.05749509803921568
18 0.878125 0.34750000000000003 0.053706896551724115 0.05745689655172409
20 0.241875 0.661875 0.031228448275862047 0.03122844827586224
11 0.311875 0.0775 0.07613636363636361 0.05488636363636363
