03 0.08937499999999998 0.04625 0.018733552631578956 0.024983552631578955
05 0.939375 0.505625 0.021241610738254924 0.0312416107382551
03 0.485 0.21875 0.022456896551724115 0.0699568965517241
10 0.6168750000000001 0.69 0.02124444444444451 0.019994444444444315
12 0.6325 0.9450000000000001 0.02248809523809525 0.024988095238095087
08 0.968125 0.30874999999999997 0.018742977528089844 0.017492977528089815
06 0.03750122549019608 0.15812500000000002 0.06999754901960784 0.02624509803921568
03 0.31562500000000004 0.366875 0.023706896551724144 0.023706896551724088
15 0.8187500000000001 0.29625 0.02747844827586221 0.039978448275862055
11 0.21375 0.754375 0.027386363636363653 0.018636363636363784
06 0.230625 0.8625 0.02123579545454546 0.009985795454545365
03 0.05375 0.58875 0.01746951219512194 0.014969512195121881
