03 0.484375 0.6343749999999999 0.04123355263157885 0.018733552631578942
02 0.466875 0.51875 0.021241610738255035 0.034991610738254963
04 0.5587500000000001 0.47750000000000004 0.022456896551724115 0.017456896551724166
06 0.26937500000000003 0.134375 0.028744444444444406 0.058744444444444446
06 0.42625 0.05375 0.012488095238095298 0.022488095238095238
00 0.378125 0.75 0.023742977528089848 0.014992977528089924
03 0.45375 0.76625 0.0499950980392157 0.01999509803921562
04 0.18 0.45375 0.024956896551724117 0.014956896551724108
05 0.910625 0.396875 0.02372844827586218 0.016228448275862062
14 0.620625 0.7024999999999999 0.018636363636363562 0.03738636363636372
