20 0.52875 0.18062499999999998 0.03248355263157887 0.033733552631578984
07 0.82375 0.6956249999999999 0.03999161073825497 0.06124161073825485
12 0.466875 0.18375 0.043706896551724106 0.054956896551724144
07 0.189375 0.489375 0.08874444444444446 0.031244444444444464
14 0.2025 0.679375 0.027488095238095284 0.028738095238095118
10 0.375625 0.025625 0.018742977528089844 0.013742977528089888
03 0.21375 0.975 0.052495098039215704 0.02999509803921563
00 0.900625 0.635 0.036206896551724155 0.02745689655172412
02 0.7481249999999999 0.5137499999999999 0.036228448275862246 0.024978448275862042
11 0.39875000000000005 0.549375 0.03988636363636361 0.033636363636363575
00 0.504375 0.403125 0.03373579545454547 0.031235795454545467
03 0.9143749999999999 0.34625 0.056219512195122 0.024969512195122
18 0.954375 0.5762499999999999 0.026232142857142815 0.029982142857142846
