03 0.27375 0.860625 0.03248355263157898 0.018733552631578942
20 0.166875 0.54625 0.018741610738255032 0.017491610738255003
03 0.5268642241379311 0.35375 0.02372844827586207 0.032456896551724124
14 0.775 0.13999999999999999 0.03249444444444438 0.047494444444444436
14 0.66875 0.718125 0.05248809523809517 0.01873809523809511
14 0.396875 0.9524999999999999 0.02624297752808985 0.04499297752808984
07 0.294375 0.281875 0.09124509803921568 0.033745098039215715
03 0.02375 0.045 0.027456896551724133 0.024956896551724138
02 0.719375 0.080625 0.03122844827586224 0.036228448275862066
05 0.15250000000000002 0.631875 0.017386363636363672 0.03863636363636369
04 0.076875 0.36124999999999996 0.03623579545454546 0.03498579545454544
20 0.76125 0.5974999999999999 0.019969512195121997 0.01746951219512194
01 0.76 0.489375 0.01748214285714278 0.018732142857142864
