07 0.81625 0.49375 0.04498355263157894 0.01248355263157891
06 0.825625 0.14500000000000002 0.021241610738254812 0.014991610738255029
03 0.385 0.22749999999999998 0.012456896551724106 0.07745689655172414
03 0.0325 0.23500000000000001 0.024994444444444444 0.042494444444444446
07 0.5631250000000001 0.16062500000000002 0.058738095238095256 0.028738095238095257
03 0.281875 0.433125 0.028742977528089853 0.02624297752808985
20 0.110625 0.461875 0.008745098039215693 0.011245098039215695
03 0.75875 0.526875 0.012456896551724106 0.046206896551724164
02 0.2125 0.024375 0.03497844827586205 0.013728448275862074
03 0.9256249999999999 0.20875 0.026136363636363735 0.029886363636363683
05 0.14 0.64125 0.027485795454545464 0.02498579545454538
03 0.175625 0.881875 0.028719512195121977 0.018719512195121912
09 0.7181249999999999 0.75 0.02123214285714281 0.02748214285714279
14 0.9043749999999999 0.22375 0.026237500000000025 0.0324875
