18 0.18125 0.16875 0.024983552631578976 0.027483552631578978
05 0.215 0.43937499999999996 0.04499161073825503 0.043741610738255055
11 0.21187499999999998 0.95375 0.04120689655172413 0.04495689655172419
17 0.6125 0.59375 0.049994444444444563 0.057494444444444515
12 0.10999999999999999 0.84375 0.06748809523809522 0.06498809523809523
06 0.65875 0.296875 0.12749297752808986 0.09624297752808986
06 0.1825 0.504375 0.017495098039215673 0.031245098039215657
02 0.8875 0.0975 0.05245689655172414 0.039956896551724144
09 0.245625 0.8612500000000001 0.05122844827586209 0.02747844827586221
00 0.37625 0.62875 0.034886363636363604 0.03488636363636366
09 0.440625 0.5081249999999999 0.05623579545454549 0.03873579545454542
13 0.44937499999999997 0.579375 0.06121951219512195 0.118719512195122
