06 0.765625 0.498125 0.03873355263157885 0.04123355263157891
03 0.34750000000000003 0.211875 0.047491610738255086 0.04124161073825505
11 0.39375 0.808125 0.03745689655172413 0.0387068965517241
07 0.7374999999999999 0.3775 0.19499444444444447 0.09499444444444449
13 0.280625 0.8125 0.08623809523809525 0.14748809523809503
03 0.96875 0.9075 0.024992977528089932 0.039992977528089835
03 0.33687500000000004 0.053750000000000006 0.06624509803921569 0.03499509803921569
02 0.146875 0.35062499999999996 0.06870689655172413 0.031206896551724095
13 0.1725 0.8175 0.13247844827586205 0.14497844827586226
03 0.945625 0.31937499999999996 0.04113636363636375 0.03613636363636363
06 0.5075 0.8162464488636363 0.06248579545454541 0.09999289772727271
14 0.388125 0.385 0.043719512195121935 0.06996951219512199
