02 0.109375 0.083125 0.02873355263157895 0.016233552631578954
06 0.4425 0.63 0.042491610738255026 0.014991610738255057
06 0.47750000000000004 0.6856249999999999 0.10995689655172419 0.04620689655172405
16 0.956875 0.7112499999999999 0.05374444444444437 0.03999444444444433
12 0.291875 0.1675 0.041238095238095296 0.07498809523809524
03 0.950625 0.7625 0.0212429775280899 0.0524929775280899
09 0.721875 0.041875 0.036245098039215606 0.028745098039215686
03 0.476875 0.43 0.04120689655172416 0.04745689655172414
03 0.256875 0.4975 0.0287284482758621 0.07747844827586203
09 0.551875 0.94875 0.03613636363636363 0.047386363636363726
15 0.334375 0.093125 0.02123579545454546 0.018735795454545456
04 0.5375000000000001 0.594375 0.03496951219512201 0.03871951219512204
19 0.10375000000000001 0.818125 0.03248214285714286 0.04623214285714283
