04 0.58875 0.594375 0.03998355263157882 0.0362335526315789
00 0.228125 0.251875 0.031241610738255043 0.03124161073825507
10 0.645625 0.856875 0.028706896551724093 0.02120689655172414
01 0.97875 0.26187499999999997 0.019994444444444426 0.018744444444444397
06 0.716875 0.044375000000000005 0.01873809523809511 0.07873809523809525
14 0.03125 0.37187499999999996 0.049992977528089885 0.021242977528089846
14 0.188125 0.19 0.0487450980392157 0.03999509803921569
10 0.5549999999999999 0.608125 0.029956896551724177 0.028706896551724093
15 0.96375 0.5762499999999999 0.049978448275862286 0.04497844827586206
15 0.53 0.924375 0.02488636363636365 0.021136363636363842
14 0.5225 0.2075 0.0399857954545455 0.059985795454545465
18 0.40625 0.7725 0.022469512195121943 0.024969512195122
