18 0.04625 0.7362500000000001 0.014983552631578946 0.01748355263157897
03 0.583125 0.47187500000000004 0.038741610738254995 0.0887416107382551
03 0.16125 0.7256142241379311 0.01745689655172411 0.03122844827586213
03 0.545 0.388125 0.027494444444444488 0.04124444444444453
04 0.344375 0.8425 0.031238095238095287 0.02248809523809514
08 0.59625 0.1518732443820225 0.027492977528089768 0.03374648876404493
11 0.018750000000000003 0.6737500000000001 0.02749509803921569 0.022495098039215677
14 0.6737500000000001 0.02375 0.032456896551724124 0.029956896551724135
06 0.171875 0.446875 0.058728448275862044 0.02622844827586207
07 0.18625000000000003 0.34562499999999996 0.07238636363636367 0.06863636363636366
03 0.249375 0.9043749999999999 0.021235795454545486 0.023735795454545294
08 0.325625 0.012492378048780488 0.043719512195121935 0.024984756097560977
00 0.7375 0.5575 0.0274821428571429 0.029982142857142735
03 0.489375 0.6056250000000001 0.018737500000000018 0.036237500000000034
