13 0.545625 0.26625 0.17623355263157886 0.06998355263157896
01 0.9175 0.38187499999999996 0.03749161073825491 0.03874161073825505
14 0.793125 0.933125 0.028706896551724093 0.03120689655172415
03 0.781875 0.431875 0.023744444444444346 0.056244444444444486
03 0.466875 0.11625 0.058738095238095256 0.034988095238095235
19 0.653125 0.49187499999999995 0.04624297752808981 0.038742977528089806
13 0.51625 0.273125 0.07249509803921561 0.09374509803921571
18 0.28874999999999995 0.38249999999999995 0.024956896551724117 0.02995689655172412
19 0.07625 0.665 0.03247844827586207 0.03497844827586227
05 0.72 0.085625 0.049886363636363784 0.02863636363636364
13 0.6487499999999999 0.606875 0.09998579545454545 0.05623579545454549
