14 0.295625 0.24687499999999998 0.05873355263157892 0.031233552631578954
18 0.5137499999999999 0.755625 0.02999161073825507 0.031241610738254932
03 0.27875 0.57 0.08245689655172414 0.04745689655172414
10 0.599375 0.965 0.043744444444444586 0.03249444444444438
06 0.389375 0.760625 0.15373809523809528 0.048738095238095136
03 0.6100000000000001 0.47375 0.022492977528089875 0.039992977528089835
15 0.04 0.273125 0.017495098039215687 0.02374509803921565
14 0.68 0.72625 0.02745689655172412 0.03745689655172413
06 0.725 0.153125 0.11747844827586218 0.03372844827586205
07 0.6287784090909091 0.7725 0.04244318181818185 0.04238636363636372
01 0.8843749999999999 0.33125 0.023735795454545294 0.019985795454545485
06 0.475 0.665 0.14746951219512194 0.06996951219512193
