03 0.715625 0.405625 0.026233552631578894 0.05623355263157892
01 0.474375 0.285625 0.023741610738255037 0.023741610738255037
20 0.891875 0.91125 0.02120689655172414 0.022456896551724226
03 0.04375 0.2575 0.039994444444444444 0.014994444444444421
13 0.308125 0.04125 0.016238095238095274 0.017488095238095233
04 0.5425 0.863125 0.022492977528089875 0.018742977528089844
01 0.5700000000000001 0.0875 0.024995098039215624 0.02249509803921569
20 0.125625 0.565 0.021206896551724128 0.014956896551724053
04 0.37687499999999996 0.41437500000000005 0.021228448275862066 0.02622844827586207
00 0.294375 0.19374999999999998 0.02113636363636362 0.019886363636363674
04 0.278125 0.7887500000000001 0.026235795454545463 0.024985795454545268
03 0.21000000000000002 0.48625 0.029969512195121978 0.014969512195121992
