03 0.13750411184210526 0.82875 0.01249177631578946 0.03998355263157882
03 0.44499999999999995 0.53625 0.01749161073825506 0.03249161073825513
14 0.538125 0.24 0.016206896551724137 0.022456896551724115
03 0.600625 0.56375 0.013744444444444448 0.039994444444444444
04 0.706875 0.9768749999999999 0.028738095238095118 0.023738095238095114
06 0.955625 0.631875 0.03124297752808991 0.06374297752808988
08 0.68625 0.266875 0.012495098039215669 0.03624509803921569
04 0.15437499999999998 0.11875 0.02870689655172412 0.02995689655172412
05 0.644375 0.50625 0.016228448275862117 0.029978448275862046
03 0.86375 0.200625 0.04238636363636372 0.01613636363636367
14 0.670625 0.511875 0.01873579545454529 0.04123579545454542
07 0.10125 0.5675 0.009969512195121946 0.029969512195122006
13 0.471875 0.576875 0.04623214285714283 0.04623214285714283
