20 0.14 0.69875 0.01748355263157894 0.019983552631578916
05 0.9493750000000001 0.605 0.026241610738254928 0.034991610738255075
07 0.731875 0.498125 0.026206896551724035 0.043706896551724106
06 0.805001388888889 0.5225 0.11749722222222214 0.01749444444444448
11 0.198125 0.065 0.031238095238095287 0.03748809523809524
01 0.7306250000000001 0.94 0.023742977528089848 0.02499297752808982
06 0.74 0.33624877450980395 0.10249509803921564 0.037497549019607834
01 0.8275 0.148125 0.019956896551724057 0.016206896551724137
18 0.215625 0.618125 0.02372844827586207 0.026228448275862015
03 0.33562499999999995 0.14500000000000002 0.05113636363636359 0.04238636363636364
05 0.76 0.9681249999999999 0.02248579545454532 0.04373579545454531
01 0.7106250000000001 0.039375 0.03371951219512204 0.023719512195121948
08 0.18125 0.590625 0.02498214285714284 0.016232142857142917
