12 0.69875 0.15687500000000001 0.03248355263157887 0.033733552631578956
07 0.509375 0.28 0.0337416107382551 0.019991610738255006
14 0.621875 0.1325 0.028706896551724204 0.02245689655172413
11 0.8987499999999999 0.351875 0.03249444444444427 0.02874444444444446
09 0.264375 0.74125 0.026238095238095227 0.024988095238095087
03 0.6756249999999999 0.111875 0.023742977528089848 0.07124297752808989
13 0.21562622549019606 0.8218749999999999 0.05374754901960785 0.04124509803921572
15 0.08875 0.393125 0.034956896551724126 0.036206896551724155
20 0.200625 0.655 0.03622844827586208 0.029978448275862157
03 0.093125 0.6825 0.05363636363636362 0.04488636363636367
