20 0.7825 0.43437499999999996 0.012483552631578854 0.013733552631578883
15 0.4375 0.436875 0.012491610738254999 0.021241610738255035
03 0.774375 0.16686422413793103 0.018706896551724195 0.031228448275862075
03 0.23062500000000002 0.9212499999999999 0.01374444444444442 0.017494444444444368
01 0.23249999999999998 0.091875 0.017488095238095275 0.013738095238095244
03 0.696875 0.26937500000000003 0.036242977528089915 0.021242977528089846
14 0.34875 0.36124999999999996 0.022495098039215677 0.029995098039215684
18 0.071875 0.703125 0.011206896551724146 0.01370689655172419
11 0.314375 0.6131249999999999 0.018728448275862064 0.016228448275862006
20 0.6737500000000001 0.673125 0.012386363636363806 0.011136363636363722
12 0.85375 0.948125 0.027485795454545325 0.026235795454545352
04 0.16625 0.3675 0.022469512195121943 0.01746951219512194
