03 0.983125 0.5025 0.013733552631578938 0.014983552631578856
10 0.9550000000000001 0.19375 0.017491610738254892 0.01749161073825506
20 0.62625 0.643125 0.022456896551724115 0.02120689655172414
12 0.44625 0.72125 0.022494444444444484 0.027494444444444377
20 0.9881249999999999 0.546875 0.013738095238095105 0.016238095238095163
08 0.749375 0.5874999999999999 0.011242977528089781 0.03499297752808983
15 0.33 0.375 0.0474950980392157 0.022495098039215677
13 0.481875 0.65625 0.028706896551724093 0.06245689655172404
11 0.8675 0.968125 0.022478448275862206 0.02372844827586218
12 0.900625 0.098125 0.036136363636363744 0.04113636363636364
20 0.77 0.923125 0.017485795454545316 0.016235795454545343
06 0.964375 0.8512500000000001 0.03621951219512198 0.04996951219512191
