10 0.860625 0.609375 0.018733552631578942 0.021233552631579
00 0.02375 0.6637500000000001 0.027491610738255033 0.024991610738254955
03 0.900625 0.276875 0.02120689655172414 0.016206896551724137
08 0.938125 0.7375 0.013744444444444337 0.02499444444444443
11 0.225625 0.014374999999999999 0.02373809523809528 0.021238095238095236
03 0.514375 0.28 0.023742977528089848 0.01249297752808981
15 0.9862500000000001 0.14875 0.009995098039215722 0.0174950980392157
08 0.10375000000000001 0.374375 0.019956896551724126 0.02120689655172414
20 0.45375 0.156875 0.019978448275862037 0.02122844827586204
08 0.266875 0.54375 0.03863636363636366 0.019886363636363646
06 0.2375 0.22 0.05998579545454549 0.05498579545454546
03 0.31 0.625625 0.027469512195121948 0.05371951219512194
07 0.880625 0.49187499999999995 0.036232142857142824 0.0762321428571428
20 0.36124999999999996 0.303125 0.01998749999999999 0.02123750000000002
