13 0.6875 0.4525 0.04498355263157894 0.047483552631578885
12 0.965625 0.5387500000000001 0.038741610738254884 0.04999161073825509
03 0.460625 0.058125 0.03120689655172415 0.03870689655172414
10 0.038125 0.041875 0.023744444444444443 0.023744444444444446
05 0.11875 0.86625 0.022488095238095238 0.03248809523809515
15 0.175 0.106875 0.04749297752808987 0.04374297752808988
02 0.50125 0.37250000000000005 0.02499509803921568 0.03999509803921569
03 0.37 0.7637499999999999 0.03995689655172413 0.022456896551724115
05 0.391875 0.974375 0.018728448275862064 0.0437284482758622
04 0.17062500000000003 0.5856250000000001 0.02363636363636365 0.02113636363636362
03 0.10500355113636364 0.805 0.047492897727272734 0.037485795454545334
01 0.8999999999999999 0.495 0.024969512195122 0.022469512195121943
