03 0.57625 0.053750000000000006 0.0674835526315789 0.029983552631578952
03 0.04687500000000001 0.06375 0.06874161073825505 0.039991610738255044
20 0.556875 0.67875 0.02120689655172414 0.01745689655172411
08 0.165625 0.44437499999999996 0.09874444444444443 0.03374444444444452
08 0.8731279761904762 0.888125 0.05374404761904761 0.08373809523809517
03 0.059375 0.50375 0.053742977528089896 0.08249297752808987
08 0.30874999999999997 0.93625 0.029995098039215684 0.1049950980392157
03 0.829375 0.7112499999999999 0.0387068965517241 0.06745689655172404
00 0.145 0.2825 0.04747844827586205 0.03747844827586205
03 0.860625 0.70875 0.01363636363636378 0.06238636363636374
03 0.4325 0.700625 0.04998579545454551 0.04373579545454531
20 0.166875 0.515 0.036219512195121956 0.03246951219512195
03 0.52125 0.50625 0.052482142857142866 0.05498214285714281
