15 0.54 0.979375 0.014983552631578911 0.011233552631578991
18 0.224375 0.08687500000000001 0.011241610738255053 0.013741610738255042
08 0.5918749999999999 0.423125 0.01370689655172408 0.028706896551724148
03 0.473125 0.48375 0.018744444444444508 0.014994444444444477
09 0.49625 0.233125 0.0149880952380953 0.028738095238095285
14 0.28375 0.5331250000000001 0.01749297752808987 0.011242977528089892
15 0.13624999999999998 0.92625 0.0174950980392157 0.012495098039215669
03 0.209375 0.92875 0.011206896551724133 0.02495689655172406
20 0.14875 0.169375 0.017478448275862063 0.018728448275862064
00 0.8643749999999999 0.051875000000000004 0.026136363636363735 0.02613636363636363
