01 0.7949999999999999 0.81125 0.019983552631578916 0.017483552631578858
14 0.6675 0.8943749999999999 0.02999161073825496 0.026241610738254928
15 0.6543749999999999 0.344375 0.008706896551724186 0.028706896551724148
11 0.058750000000000004 0.9181250000000001 0.02999444444444445 0.03624444444444441
20 0.3625 0.6825 0.037488095238095265 0.024988095238095198
04 0.919375 0.8043750000000001 0.036242977528089804 0.023742977528089848
03 0.2975 0.833125 0.0499950980392157 0.031245098039215602
03 0.13125 0.09812499999999999 0.04245689655172413 0.046206896551724136
14 0.773125 0.503125 0.0437284482758622 0.02372844827586207
00 0.955625 0.27749999999999997 0.03113636363636374 0.03238636363636366
14 0.06625 0.42125 0.034985795454545464 0.02498579545454549
13 0.055 0.2875 0.04246951219512195 0.03246951219512201
00 0.289375 0.9781249999999999 0.02373214285714287 0.02123214285714281
14 0.6968749999999999 0.55 0.03873749999999998 0.0324875
