14 0.819375 0.8425 0.0362335526315789 0.027483552631578867
00 0.649375 0.54125 0.026241610738254928 0.027491610738255012
02 0.940625 0.6950000000000001 0.036206896551724044 0.022456896551724115
14 0.6693749999999999 0.1175 0.061244444444444435 0.02249444444444447
13 0.36625 0.271875 0.10498809523809527 0.07623809523809527
00 0.818125 0.126875 0.026242977528089906 0.021242977528089887
20 0.41874999999999996 0.10625000000000001 0.02499509803921568 0.017495098039215687
07 0.7831250000000001 0.569375 0.023706896551724088 0.0337068965517241
18 0.206875 0.9237500000000001 0.018728448275862064 0.01997844827586215
05 0.56 0.18562499999999998 0.037386363636363495 0.02363636363636365
19 0.023125 0.196875 0.02123579545454546 0.031235795454545467
07 0.750625 0.61375 0.03121951219512198 0.04246951219512196
