06 0.6543791118421053 0.37124999999999997 0.04124177631578951 0.10498355263157894
13 0.255625 0.7462500000000001 0.05624161073825504 0.08749161073825495
06 0.885625 0.56375 0.13120689655172413 0.08495689655172411
17 0.206875 0.543125 0.051244444444444426 0.036244444444444524
06 0.645 0.494375 0.06748809523809529 0.0587380952380952
06 0.086875 0.354375 0.03624297752808989 0.15874297752808986
10 0.759375 0.746875 0.03624509803921572 0.031245098039215713
04 0.71375 0.5349999999999999 0.04495689655172419 0.032456896551724124
14 0.239375 0.035625000000000004 0.06872844827586208 0.03872844827586207
07 0.361875 0.449375 0.04113636363636364 0.0586363636363636
08 0.116875 0.954375 0.038735795454545474 0.048735795454545316
