10 0.6268750000000001 0.9475 0.023733552631578836 0.02498355263157892
10 0.059375 0.45375 0.028741610738255034 0.024991610738255066
19 0.7862499999999999 0.298125 0.032456896551724124 0.031206896551724095
03 0.586875 0.8075 0.026244444444444515 0.054994444444444346
08 0.7906249999999999 0.28625 0.021238095238095167 0.03498809523809526
14 0.4475 0.6675 0.022492977528089875 0.019992977528089817
20 0.83125 0.670625 0.022495098039215677 0.018745098039215646
02 0.4343642241379311 0.17875000000000002 0.041228448275862084 0.05995689655172412
06 0.7562500000000001 0.375625 0.06997844827586219 0.07622844827586206
15 0.45 0.521875 0.037386363636363606 0.05363636363636365
04 0.6412499999999999 0.599375 0.0499857954545454 0.031235795454545467
14 0.38875000000000004 0.891875 0.017469512195121994 0.04121951219512199
03 0.5700000000000001 0.1175 0.01748214285714289 0.04498214285714286
14 0.535625 0.763125 0.02123750000000002 0.06623750000000006
