00 0.83875 0.880625 0.022483552631578974 0.013733552631578938
01 0.294375 0.373125 0.01624161073825503 0.01624161073825503
18 0.94625 0.786875 0.014956896551724164 0.018706896551724084
07 0.6831263888888889 0.9099999999999999 0.04124722222222221 0.019994444444444315
06 0.4218720238095238 0.576875 0.03374404761904759 0.058738095238095256
18 0.28812499999999996 0.43125 0.01624297752808984 0.019992977528089872
07 0.930625 0.17875 0.056245098039215624 0.032495098039215686
20 0.5675 0.4325 0.014956896551724164 0.00995689655172416
10 0.23375 0.16749999999999998 0.02497844827586207 0.022478448275862067
10 0.07875 0.43875 0.02238636363636362 0.024886363636363595
