04 0.059375000000000004 0.684375 0.02123355263157896 0.016233552631578885
03 0.81875 0.8218749999999999 0.03499161073825485 0.026241610738254928
04 0.59875 0.8300000000000001 0.024956896551724173 0.02495689655172406
06 0.221875 0.9325 0.018744444444444425 0.012494444444444364
20 0.22625 0.48250000000000004 0.014988095238095273 0.012488095238095298
04 0.289375 0.801875 0.023742977528089848 0.016242977528089897
07 0.166875 0.464375 0.011245098039215695 0.02624509803921571
03 0.80875 0.54625 0.03745689655172413 0.03495689655172418
02 0.051250000000000004 0.668125 0.014978448275862068 0.021228448275862233
10 0.465625 0.056875 0.023636363636363567 0.026136363636363638
03 0.8156285511363637 0.48687499999999995 0.011242897727272716 0.028735795454545465
18 0.6825 0.120625 0.014969512195121881 0.016219512195121938
06 0.775 0.9762500000000001 0.004982142857142824 0.022482142857142784
01 0.215625 0.606875 0.021237499999999992 0.023737500000000078
