10 0.185 0.905 0.022483552631578974 0.022483552631578863
14 0.39375 0.365625 0.02999161073825507 0.08374161073825509
19 0.401875 0.2425 0.028706896551724148 0.05495689655172409
04 0.8612500000000001 0.64625 0.04999444444444434 0.039994444444444444
18 0.04375 0.49250000000000005 0.029988095238095237 0.032488095238095316
03 0.085625 0.573125 0.04624297752808988 0.11624297752808976
06 0.30625 0.51 0.054995098039215706 0.017495098039215673
00 0.22062500000000002 0.7906249999999999 0.04870689655172414 0.0337068965517241
07 0.09187500000000001 0.873125 0.06372844827586208 0.02372844827586218
14 0.631875 0.5925 0.051136363636363646 0.037386363636363606
14 0.241875 0.545625 0.05373579545454546 0.041235795454545476
03 0.385625 0.266875 0.03621951219512198 0.038719512195121986
