03 0.18312499999999998 0.611875 0.03123355263157898 0.023733552631578836
15 0.786875 0.108125 0.04374161073825489 0.031241610738255043
03 0.33687500000000004 0.8674999999999999 0.0362068965517241 0.02495689655172406
01 0.63375 0.623125 0.017494444444444368 0.016244444444444506
03 0.961875 0.37 0.021238095238095167 0.05248809523809528
08 0.291875 0.871875 0.03874297752808986 0.04124297752808992
06 0.269375 0.885625 0.006245098039215691 0.06874509803921569
03 0.380625 0.5306249999999999 0.04120689655172416 0.02120689655172414
02 0.38625 0.5081249999999999 0.04247844827586206 0.02372844827586207
15 0.026250000000000002 0.47250000000000003 0.019886363636363636 0.014886363636363587
10 0.06625 0.9456249999999999 0.039985795454545454 0.03873579545454542
03 0.825625 0.44375 0.02871951219512192 0.057469512195121975
14 0.383125 0.856875 0.036232142857142824 0.03123214285714282
