13 0.7743791118421053 0.2825 0.11624177631578947 0.08498355263157895
03 0.046875 0.920625 0.041241610738255025 0.03624161073825494
07 0.8312607758620689 0.240625 0.024978448275862042 0.023706896551724144
08 0.935 0.9706250000000001 0.027494444444444377 0.041244444444444306
05 0.6912499999999999 0.484375 0.02248809523809514 0.038738095238095294
08 0.5856250000000001 0.6525 0.026242977528089795 0.029992977528089826
01 0.05375 0.35624999999999996 0.02249509803921569 0.01499509803921567
00 0.59375 0.6543749999999999 0.024956896551724173 0.018706896551724195
12 0.453125 0.775625 0.053728448275862095 0.0437284482758622
11 0.485625 0.474375 0.023636363636363622 0.023636363636363567
15 0.593125 0.48062499999999997 0.013735795454545396 0.02373579545454546
