03 0.6056250000000001 0.749375 0.061233552631578925 0.026233552631578894
03 0.24562499999999998 0.42562500000000003 0.041241610738255025 0.03874161073825505
10 0.485 0.5231250000000001 0.019956896551724113 0.02120689655172414
12 0.39 0.47125 0.034994444444444495 0.0374944444444445
03 0.6412499999999999 0.6287499999999999 0.04248809523809516 0.03248809523809515
12 0.6425000000000001 0.7925 0.04249297752808989 0.032492977528089884
11 0.18062499999999998 0.881875 0.02374509803921568 0.0162450980392157
15 0.16875 0.265 0.02995689655172415 0.04995689655172411
10 0.596875 0.1075 0.018728448275862064 0.017478448275862063
01 0.635625 0.511875 0.043636363636363695 0.03863636363636358
