08 0.20500000000000002 0.600625 0.032483552631578955 0.023733552631578836
04 0.736875 0.545625 0.0587416107382549 0.028741610738255097
20 0.471875 0.3175 0.053706896551724115 0.05495689655172409
01 0.281875 0.57125 0.09374444444444446 0.06749444444444452
06 0.375 0.5231250000000001 0.019988095238095305 0.14123809523809527
20 0.763125 0.1175 0.036242977528089804 0.024992977528089877
12 0.72 0.51625 0.059995098039215655 0.06499509803921572
05 0.5256142241379311 0.72375 0.043728448275862086 0.05995689655172409
12 0.830625 0.37187499999999996 0.06872844827586222 0.10372844827586208
09 0.48 0.770625 0.06988636363636358 0.053636363636363704
