09 0.365625 0.464375 0.031233552631578898 0.028733552631578896
12 0.351875 0.956875 0.05374161073825501 0.03374161073825488
08 0.964375 0.545625 0.026206896551724146 0.03120689655172415
18 0.09875 0.18312499999999998 0.019994444444444467 0.021244444444444427
00 0.298125 0.708125 0.02373809523809528 0.02623809523809517
20 0.291875 0.6968749999999999 0.01374297752808984 0.01374297752808984
15 0.048125 0.870625 0.028745098039215683 0.04874509803921567
17 0.28375 0.109375 0.02745689655172412 0.038706896551724115
18 0.4625 0.7275 0.019978448275862093 0.022478448275862206
15 0.9 0.433125 0.05238636363636373 0.03613636363636358
11 0.345 0.74375 0.027485795454545492 0.027485795454545325
