00 0.499375 0.693125 0.031233552631578843 0.031233552631578898
03 0.41000000000000003 0.7831250000000001 0.027491610738255068 0.07624161073825497
05 0.600625 0.0675 0.03120689655172415 0.019956896551724147
15 0.713125 0.323125 0.031244444444444408 0.031244444444444464
04 0.9275 0.43875 0.03248809523809504 0.029988095238095258
15 0.888125 0.054375 0.016242977528089786 0.028742977528089894
04 0.4325 0.7737499999999999 0.029995098039215684 0.03499509803921563
05 0.21936422413793102 0.22999999999999998 0.031228448275862075 0.022456896551724143
09 0.46125 0.411875 0.019978448275862037 0.043728448275862086
12 0.8049999999999999 0.72125 0.032386363636363824 0.032386363636363824
12 0.24812499999999998 0.8825000000000001 0.036235795454545444 0.04748579545454523
12 0.258125 0.670625 0.04121951219512199 0.033719512195121926
