06 0.859375 0.784375 0.02873355263157884 0.01123355263157888
09 0.7475 0.42375 0.029991610738254848 0.01999161073825506
15 0.17125 0.78375 0.017456896551724138 0.022456896551724115
05 0.785625 0.5025 0.0212444444444444 0.029994444444444546
07 0.389375 0.5575 0.008738095238095267 0.03498809523809521
01 0.52875 0.441875 0.01749297752808976 0.01374297752808984
03 0.02375 0.639375 0.01249509803921569 0.02374509803921565
12 0.27875000000000005 0.23625000000000002 0.034956896551724126 0.03245689655172415
20 0.301875 0.295625 0.021228448275862066 0.018728448275862064
10 0.833125 0.31937499999999996 0.016136363636363837 0.013636363636363613
06 0.33875355113636363 0.770625 0.03749289772727271 0.023735795454545405
06 0.294375 0.24312499999999998 0.08121951219512202 0.011219512195121989
14 0.771875 0.428125 0.036232142857142824 0.01873214285714281
12 0.85375 0.605 0.047487500000000016 0.049987500000000074
