07 0.490625 0.22249999999999998 0.056233552631578865 0.07998355263157894
03 0.76125 0.06937499999999999 0.0899916107382549 0.021241610738255028
08 0.6268750000000001 0.931875 0.053706896551724115 0.0237068965517242
06 0.355 0.2275 0.024994444444444486 0.022494444444444428
08 0.48062499999999997 0.47687500000000005 0.04123809523809524 0.02373809523809528
08 0.09624824438202248 0.265625 0.05249648876404493 0.05874297752808988
00 0.4675 0.175 0.03249509803921574 0.019995098039215703
10 0.51 0.116875 0.03245689655172407 0.02120689655172414
13 0.253125 0.38375 0.13372844827586206 0.03497844827586205
19 0.36125 0.023125 0.01738636363636359 0.023636363636363636
03 0.62125 0.17312144886363637 0.04748579545454534 0.031242897727272734
08 0.489375 0.025625000000000002 0.04121951219512199 0.04121951219512195
13 0.588125 0.6174999999999999 0.13873214285714286 0.057482142857142926
