14 0.849375 0.4425 0.04623355263157891 0.07748355263157891
02 0.954375 0.813125 0.04124161073825494 0.04374161073825489
03 0.669375 0.82125 0.0337068965517241 0.032456896551724124
06 0.7262500000000001 0.6975 0.029994444444444324 0.01499444444444431
11 0.583125 0.31937499999999996 0.03873809523809535 0.038738095238095294
18 0.12687500000000002 0.721875 0.026242977528089878 0.028742977528089853
05 0.050625 0.316875 0.046245098039215685 0.023745098039215706
20 0.185 0.44125000000000003 0.024956896551724117 0.024956896551724117
01 0.59375 0.42125 0.0274784482758621 0.019978448275862037
13 0.075 0.4625 0.027386363636363625 0.10988636363636362
