03 0.706875 0.30874999999999997 0.023733552631578947 0.009983552631578962
03 0.0325 0.275 0.029991610738255032 0.01749161073825506
03 0.43562500000000004 0.38125 0.01870689655172414 0.034956896551724126
14 0.233125 0.635 0.0237444444444444 0.03499444444444444
17 0.44125000000000003 0.074375 0.03498809523809526 0.03873809523809523
03 0.128125 0.85 0.046242977528089896 0.07249297752808981
04 0.8812500000000001 0.22125 0.022495098039215677 0.017495098039215673
03 0.7575000000000001 0.27437500000000004 0.029956896551724177 0.013706896551724135
02 0.7475 0.6012500000000001 0.03497844827586227 0.02747844827586199
03 0.2594034090909091 0.631875 0.02119318181818186 0.018636363636363673
