03 0.104375 0.57375 0.05373355263157896 0.11248355263157883
04 0.655 0.3825 0.02999161073825507 0.024991610738255066
11 0.1225 0.349375 0.034956896551724126 0.028706896551724093
18 0.578125 0.048125 0.018744444444444452 0.02124444444444444
20 0.260625 0.559375 0.021238095238095278 0.023738095238095336
06 0.279375 0.561875 0.06374297752808986 0.036242977528089915
08 0.24125000000000002 0.56125 0.012495098039215696 0.052495098039215704
19 0.908125 0.11499999999999999 0.036206896551724155 0.017456896551724124
05 0.47375 0.6225 0.032478448275862104 0.01997844827586215
04 0.838125 0.905625 0.028636363636363793 0.02113636363636373
13 0.709375 0.666875 0.05123579545454526 0.021235795454545237
12 0.385 0.043125 0.04996951219512197 0.05121951219512194
18 0.680625 0.20687499999999998 0.018732142857142864 0.02123214285714284
