06 0.268125 0.51625 0.078733552631579 0.08748355263157892
08 0.646875 0.9493750000000001 0.04624161073825506 0.038741610738254884
10 0.353125 0.295 0.01870689655172414 0.022456896551724115
05 0.14125 0.254375 0.03749444444444447 0.018744444444444397
09 0.34375 0.9156249999999999 0.027488095238095256 0.023738095238095114
14 0.16375 0.50125 0.03749297752808986 0.032492977528089884
18 0.36 0.9325 0.022495098039215677 0.024995098039215735
03 0.303125 0.54375 0.028706896551724148 0.09495689655172412
02 0.6400000000000001 0.495625 0.04247844827586211 0.0562284482758621
02 0.33375 0.701875 0.059886363636363626 0.05113636363636376
02 0.8631249999999999 0.498125 0.031235795454545356 0.02873579545454541
06 0.224375 0.22 0.023719512195121972 0.089969512195122
