15 0.719375 0.40249999999999997 0.033733552631578956 0.059983552631578896
03 0.8200000000000001 0.513125 0.029991610738254848 0.03374161073825499
14 0.7875000000000001 0.913125 0.022456896551724115 0.05120689655172417
01 0.028125 0.215 0.033744444444444445 0.029994444444444435
03 0.27125 0.041249999999999995 0.024988095238095254 0.03998809523809523
08 0.36125 0.028124999999999997 0.012492977528089866 0.03624297752808989
11 0.370625 0.65375 0.02874509803921571 0.017495098039215784
08 0.023125 0.21625 0.04370689655172414 0.024956896551724117
01 0.20375 0.81125 0.01497844827586206 0.014978448275862255
07 0.29375 0.22812500000000002 0.04488636363636367 0.06613636363636369
04 0.49624999999999997 0.22249999999999998 0.02998579545454544 0.024985795454545462
