14 0.8899999999999999 0.619375 0.019983552631578916 0.04873355263157886
04 0.403125 0.36624999999999996 0.02624161073825504 0.022491610738255063
20 0.213125 0.515625 0.031206896551724123 0.028706896551724093
10 0.43374999999999997 0.253125 0.02249444444444454 0.016244444444444395
14 0.14250000000000002 0.6737500000000001 0.034988095238095235 0.034988095238095096
18 0.933125 0.489375 0.016242977528089897 0.018742977528089844
01 0.30062500000000003 0.879375 0.026245098039215653 0.028745098039215655
08 0.69 0.264375 0.014956896551724053 0.023706896551724144
03 0.1825 0.100625 0.019978448275862065 0.051228448275862065
07 0.75125 0.2949715909090909 0.06738636363636374 0.03494318181818179
