03 0.291875 0.259375 0.02873355263157895 0.01623355263157894
10 0.289375 0.16875 0.031241610738255043 0.029991610738255042
06 0.46687500000000004 0.30937499999999996 0.09870689655172415 0.023706896551724144
14 0.106875 0.729375 0.018744444444444452 0.023744444444444346
03 0.11374999999999999 0.245 0.06748809523809522 0.07248809523809527
20 0.14875 0.385625 0.0199929775280899 0.018742977528089844
18 0.7575000000000001 0.538125 0.017495098039215784 0.018745098039215757
08 0.773125 0.65 0.016206896551724137 0.01745689655172411
18 0.21375 0.45125000000000004 0.017478448275862063 0.019978448275862093
08 0.40437500000000004 0.6655965909090908 0.018636363636363618 0.04869318181818183
10 0.79 0.09562499999999999 0.019985795454545374 0.01873579545454547
03 0.5375000000000001 0.088125 0.024969512195122 0.01871951219512194
12 0.439375 0.236875 0.03123214285714282 0.03373214285714285
