02 0.039375 0.4125 0.02623355263157895 0.04498355263157888
06 0.8500000000000001 0.5093749999999999 0.0274916107382549 0.06374161073825502
03 0.104375 0.33875 0.028706896551724134 0.02995689655172412
04 0.79375 0.50875 0.022494444444444373 0.014994444444444532
20 0.06625 0.6131249999999999 0.02248809523809523 0.016238095238095274
03 0.106875 0.58875 0.02874297752808988 0.07249297752808981
13 0.07312377450980392 0.134375 0.05374754901960785 0.07374509803921568
00 0.20875 0.64625 0.032456896551724124 0.024956896551724173
18 0.659375 0.058124999999999996 0.018728448275862175 0.02122844827586206
10 0.875625 0.57875 0.028636363636363793 0.019886363636363535
10 0.83125 0.131875 0.024985795454545268 0.018735795454545456
06 0.08937500000000001 0.090625 0.041219512195121946 0.08371951219512194
