18 0.5431250000000001 0.141875 0.04123355263157891 0.04373355263157895
14 0.19374999999999998 0.101875 0.03749161073825505 0.08374161073825503
18 0.819375 0.8262499999999999 0.043706896551724106 0.04495689655172408
15 0.15999999999999998 0.124375 0.11749444444444443 0.04624444444444445
11 0.8674999999999999 0.361875 0.05748809523809506 0.041238095238095296
10 0.7181249999999999 0.3125 0.053742977528089875 0.032492977528089884
09 0.07 0.186875 0.07249509803921568 0.03624509803921569
04 0.585 0.36875 0.0649568965517241 0.05995689655172415
08 0.5874999999999999 0.84125 0.08747844827586204 0.02747844827586221
04 0.371875 0.9525 0.0586363636363636 0.05488636363636368
