02 0.22500000000000003 0.253125 0.12998355263157893 0.056233552631579004
03 0.20437290268456376 0.24125 0.046245805369127535 0.02499161073825501
12 0.861875 0.124375 0.05120689655172417 0.05120689655172414
04 0.028124999999999997 0.6075 0.04624444444444444 0.0374944444444445
03 0.404375 0.330625 0.03623809523809529 0.05373809523809525
03 0.81 0.639375 0.05499297752808985 0.06374297752808988
10 0.8206249999999999 0.18562499999999998 0.036245098039215606 0.031245098039215685
05 0.63375 0.76625 0.04245689655172413 0.029956896551724066
14 0.489375 0.08687500000000001 0.08622844827586201 0.04122844827586207
00 0.9156249999999999 0.136875 0.0486363636363637 0.028636363636363626
00 0.953125 0.370625 0.026235795454545352 0.028735795454545465
15 0.251875 0.245 0.07371951219512199 0.047469512195121966
14 0.38375000000000004 0.25625 0.03748214285714285 0.04498214285714283
08 0.191875 0.0825 0.0662375 0.0299875
