03 0.7631291118421053 0.224375 0.05374177631578947 0.05873355263157898
03 0.08687500000000001 0.79625 0.038741610738255036 0.022491610738254897
03 0.339375 0.169375 0.053706896551724115 0.02120689655172414
06 0.620625 0.27 0.0787444444444444 0.03499444444444444
11 0.579375 0.796875 0.02873809523809523 0.03623809523809518
14 0.250625 0.2175 0.04624297752808987 0.019992977528089872
15 0.44125 0.84625 0.042495098039215695 0.03999509803921575
19 0.655625 0.7925 0.018706896551724084 0.032456896551724124
13 0.11249999999999999 0.9381250000000001 0.04747844827586205 0.028728448275862184
06 0.405625 0.98125 0.02863636363636357 0.0173863636363637
10 0.14500000000000002 0.231875 0.019985795454545457 0.016235795454545454
