06 0.22375 0.80875 0.004983552631578958 0.014983552631578911
15 0.09125 0.389375 0.012491610738255055 0.013741610738255028
08 0.746875 0.36312500000000003 0.02120689655172414 0.021206896551724086
10 0.44499999999999995 0.839375 0.024994444444444486 0.01874444444444434
06 0.7387470238095237 0.565 0.032494047619047506 0.04498809523809533
01 0.176875 0.35125 0.021242977528089846 0.014992977528089813
03 0.6793750000000001 0.28125 0.021245098039215704 0.032495098039215686
07 0.5062500000000001 0.879375 0.019956896551724168 0.0237068965517242
05 0.72 0.786875 0.01997844827586226 0.018728448275862286
00 0.416875 0.8625 0.013636363636363558 0.009886363636363749
