13 0.6487499999999999 0.120625 0.1249835526315789 0.051233552631578944
12 0.7324999999999999 0.6643749999999999 0.03749161073825491 0.046241610738254946
14 0.28875 0.846875 0.07245689655172416 0.03120689655172415
08 0.2425 0.8175 0.022494444444444456 0.04499444444444434
06 0.229375 0.739375 0.01123809523809527 0.03873809523809513
03 0.124375 0.28125 0.046242977528089896 0.04249297752808989
06 0.965625 0.42937499999999995 0.013745098039215642 0.0762450980392157
01 0.248125 0.074375 0.028706896551724148 0.026206896551724146
03 0.298125 0.42000000000000004 0.031228448275862075 0.04747844827586206
08 0.48250000000000004 0.7831250000000001 0.014886363636363587 0.053636363636363815
20 0.40875 0.74 0.027485795454545436 0.019985795454545263
03 0.10500000000000001 0.1075 0.01496951219512195 0.027469512195121948
