08 0.489375 0.524375 0.031233552631578843 0.04623355263157891
15 0.09937499999999999 0.061875000000000006 0.02374161073825505 0.04624161073825504
01 0.36375 0.41000000000000003 0.019956896551724113 0.019956896551724113
05 0.0475 0.07375000000000001 0.042494444444444446 0.027494444444444446
04 0.849375 0.5231250000000001 0.031238095238095065 0.01873809523809522
04 0.40125 0.4875 0.039992977528089835 0.03499297752808983
06 0.335 0.41500000000000004 0.052495098039215704 0.08249509803921568
03 0.298125 0.113125 0.058706896551724175 0.02370689655172413
09 0.26625 0.531875 0.04497844827586206 0.046228448275862144
07 0.250625 0.064375 0.11613636363636368 0.018636363636363625
