07 0.71625 0.20625 0.009983552631578907 0.032483552631578955
06 0.668125 0.12125 0.056241610738255066 0.00749161073825505
06 0.858125 0.76875 0.043706896551724106 0.03745689655172413
04 0.243125 0.28375 0.02624444444444446 0.027494444444444377
18 0.9650000000000001 0.95 0.012488095238095132 0.014988095238095078
05 0.90125 0.0775 0.012492977528089755 0.034992977528089886
06 0.931875 0.424375 0.05124509803921562 0.04124509803921572
03 0.44125000000000003 0.423125 0.024956896551724117 0.06120689655172412
18 0.355625 0.934375 0.01372844827586206 0.01622844827586223
03 0.798125 0.076875 0.02113636363636373 0.038636363636363635
