15 0.385625 0.173125 0.013733552631578938 0.02623355263157895
10 0.881875 0.495 0.021241610738254924 0.024991610738255066
18 0.5725 0.9525 0.01745689655172411 0.019956896551724057
07 0.894375 0.18937361111111112 0.06624444444444433 0.051247222222222194
18 0.55125 0.055 0.019988095238095305 0.022488095238095238
03 0.31625000000000003 0.803125 0.03749297752808983 0.018742977528089844
08 0.29 0.93125 0.03749509803921569 0.017495098039215673
06 0.964989224137931 0.341875 0.02747844827586199 0.06870689655172413
14 0.77 0.08625 0.022478448275862206 0.017478448275862077
03 0.416875 0.714375 0.018636363636363562 0.03113636363636374
