09 0.0625 0.35 0.04748355263157894 0.017483552631578914
11 0.35750000000000004 0.8831249999999999 0.03249161073825507 0.018741610738254866
16 0.881875 0.689375 0.02120689655172414 0.0387068965517241
03 0.713125 0.35062499999999996 0.02874444444444435 0.031244444444444464
14 0.68625 0.549375 0.02998809523809509 0.026238095238095283
14 0.5449999999999999 0.056875 0.03749297752808978 0.02374297752808989
06 0.7625012254901962 0.66625 0.024997549019607823 0.014995098039215726
07 0.295 0.558125 0.057456896551724146 0.046206896551724164
08 0.20124999999999998 0.6125 0.029978448275862074 0.01747844827586198
04 0.83125 0.796875 0.019886363636363757 0.018636363636363784
12 0.40249999999999997 0.234375 0.02998579545454544 0.03373579545454544
15 0.629375 0.356875 0.023719512195121917 0.016219512195121966
