08 0.90625 0.0425 0.012483552631578965 0.032483552631578955
03 0.778125 0.39249999999999996 0.026241610738254928 0.022491610738255063
04 0.33625 0.0575 0.01745689655172411 0.017456896551724152
15 0.416875 0.8887499999999999 0.04124444444444453 0.03999444444444433
14 0.61375 0.540625 0.029988095238095314 0.013738095238095216
06 0.35875 0.289375 0.05499297752808985 0.05874297752808988
03 0.7887500000000001 0.7481249999999999 0.012495098039215669 0.02374509803921565
03 0.5125 0.187489224137931 0.022456896551724115 0.017478448275862063
18 0.513125 0.95125 0.021228448275862122 0.022478448275862206
00 0.421875 0.578125 0.023636363636363567 0.016136363636363615
10 0.06 0.495 0.014985795454545446 0.017485795454545483
