14 0.5625 0.490625 0.04248355263157899 0.011233552631578936
13 0.5506249999999999 0.7593749999999999 0.031241610738255043 0.038741610738254884
08 0.964385775862069 0.52625 0.018728448275862064 0.029956896551724066
12 0.148125 0.65625 0.03374444444444444 0.039994444444444444
00 0.705625 0.515625 0.02623809523809506 0.021238095238095278
01 0.263125 0.09875 0.008742977528089835 0.007492977528089889
15 0.15125 0.618125 0.017495098039215673 0.038745098039215664
09 0.1225 0.93875 0.022456896551724115 0.022456896551724115
07 0.046875 0.72125 0.028728448275862066 0.012478448275862308
13 0.25125 0.689375 0.03238636363636366 0.05113636363636376
03 0.1 0.13874999999999998 0.022485795454545474 0.014985795454545453
06 0.130625 0.6412500000000001 0.01371951219512195 0.014969512195121992
20 0.653125 0.650625 0.013732142857142748 0.01373214285714286
