01 0.14625000000000002 0.495 0.05248355263157896 0.037483552631578876
18 0.18625 0.59875 0.03249161073825507 0.034991610738255075
12 0.963125 0.5325 0.04870689655172411 0.08245689655172417
15 0.8656250000000001 0.215625 0.02874444444444435 0.04624444444444442
06 0.11812500000000001 0.35187500000000005 0.13623809523809527 0.008738095238095267
12 0.35250000000000004 0.74875 0.06749297752808986 0.05999297752808985
20 0.48812500000000003 0.738125 0.046245098039215726 0.03624509803921572
03 0.09562499999999999 0.438125 0.021206896551724128 0.07370689655172413
11 0.530625 0.255625 0.046228448275862144 0.04122844827586203
04 0.651875 0.676875 0.043636363636363584 0.04613636363636364
03 0.73875 0.194375 0.03248579545454533 0.03623579545454547
13 0.35375 0.12062500000000001 0.139969512195122 0.04621951219512195
