03 0.948125 0.370625 0.06873355263157888 0.05373355263157892
09 0.23125 0.29125 0.02749161073825504 0.027491610738255012
18 0.67625 0.55875 0.022456896551724115 0.024956896551724173
15 0.364375 0.52 0.026244444444444515 0.05999444444444452
03 0.37749999999999995 0.186875 0.03998809523809527 0.018738095238095248
05 0.7825 0.269375 0.03749297752808989 0.023742977528089848
15 0.1625 0.42125 0.03749509803921569 0.022495098039215677
08 0.40375000000000005 0.29374999999999996 0.034956896551724126 0.02995689655172412
03 0.96875 0.77125 0.04747844827586212 0.03997844827586228
14 0.861875 0.0225 0.053636363636363815 0.024886363636363637
