14 0.8725 0.919375 0.04248355263157888 0.02873355263157895
03 0.41874999999999996 0.610625 0.01749161073825506 0.06874161073825502
14 0.020625 0.8531249999999999 0.03370689655172414 0.02120689655172414
08 0.875 0.52875 0.02499444444444432 0.03499444444444444
20 0.13874999999999998 0.08 0.014988095238095217 0.012488095238095243
11 0.28875 0.434375 0.02749297752808988 0.023742977528089848
03 0.261875 0.83875 0.06374509803921571 0.027495098039215682
03 0.31062500000000004 0.28500000000000003 0.023706896551724144 0.027456896551724175
03 0.184375 0.384375 0.041228448275862056 0.0562284482758621
05 0.7250000000000001 0.895625 0.0173863636363637 0.03113636363636374
01 0.9075 0.605 0.017485795454545316 0.012485795454545423
12 0.95375 0.79375 0.02746951219512206 0.03246951219512206
07 0.3762544642857143 0.8356250000000001 0.06249107142857141 0.03123214285714282
