10 0.29875 0.13125 0.022483552631578974 0.017483552631578927
03 0.6381249999999999 0.144375 0.031241610738254932 0.023741610738255037
03 0.595 0.3775 0.07245689655172416 0.057456896551724146
11 0.15875 0.660625 0.022494444444444456 0.0212444444444444
03 0.825625 0.5181220238095239 0.01623809523809505 0.01624404761904763
03 0.46375 0.49687499999999996 0.032492977528089884 0.018742977528089788
06 0.8825000000000001 0.311875 0.042495098039215695 0.03624509803921572
07 0.0675 0.8200000000000001 0.03495689655172414 0.039956896551724186
17 0.44 0.206875 0.022478448275862095 0.02372844827586207
20 0.82375 0.754375 0.022386363636363704 0.02113636363636373
17 0.7268749999999999 0.064375 0.031235795454545356 0.036235795454545465
14 0.10250000000000001 0.683125 0.03746951219512194 0.028719512195122032
15 0.14375 0.243125 0.012482142857142858 0.01623214285714286
