03 0.9475 0.129375 0.009983552631578907 0.03373355263157894
12 0.9606250000000001 0.685625 0.028741610738254875 0.031241610738254932
06 0.909375 0.09187500000000001 0.018706896551724195 0.021206896551724128
01 0.203125 0.328125 0.01624444444444445 0.013744444444444448
06 0.07125000000000001 0.9056249999999999 0.07248809523809524 0.04373809523809513
15 0.8474999999999999 0.6074999999999999 0.09499297752808988 0.07499297752808987
12 0.316875 0.11499999999999999 0.033745098039215715 0.034995098039215675
14 0.26625 0.41374999999999995 0.012456896551724106 0.02995689655172412
03 0.761875 0.941875 0.10372844827586225 0.08372844827586223
03 0.38875000000000004 0.17375000000000002 0.04488636363636361 0.18238636363636362
19 0.73875 0.225625 0.029985795454545272 0.03623579545454547
01 0.7893749999999999 0.671875 0.018719512195121912 0.011219512195121961
