00 0.659375 0.536875 0.02873355263157895 0.02123355263157889
10 0.546875 0.2375 0.023741610738255092 0.019991610738255033
01 0.16999999999999998 0.5175000000000001 0.01995689655172414 0.012456896551724106
10 0.778125 0.4475 0.02874444444444435 0.022494444444444484
11 0.798125 0.43937499999999996 0.031238095238095176 0.018738095238095276
20 0.294375 0.28 0.0212429775280899 0.02249297752808982
06 0.21625 0.37562377450980394 0.09499509803921569 0.018747549019607845
08 0.952510775862069 0.385 0.024978448275862042 0.019956896551724113
09 0.24562499999999998 0.12875 0.028728448275862045 0.022478448275862054
08 0.26125 0.923125 0.02488636363636365 0.03863636363636369
18 0.815 0.763125 0.014985795454545259 0.0187357954545454
18 0.34125 0.4525 0.019969512195121997 0.022469512195122
