15 0.7775 0.035625000000000004 0.0674835526315789 0.04623355263157895
14 0.755625 0.558125 0.028741610738254986 0.0337416107382551
03 0.5475 0.04 0.014956896551724164 0.03745689655172414
12 0.40375 0.625 0.03249444444444449 0.029994444444444435
07 0.46062797619047613 0.8806220238095237 0.018744047619047632 0.031244047619047532
11 0.08249999999999999 0.042499999999999996 0.02499297752808989 0.027492977528089886
01 0.393125 0.8062499999999999 0.013745098039215642 0.009995098039215722
18 0.04125 0.32437499999999997 0.017456896551724138 0.021206896551724086
18 0.24625 0.281875 0.017478448275862035 0.018728448275862064
07 0.174375 0.6312500000000001 0.07363636363636364 0.04238636363636361
