20 0.3625 0.6025 0.04248355263157888 0.029983552631578925
14 0.61 0.036875000000000005 0.04749161073825503 0.03374161073825503
09 0.528125 0.88375 0.043706896551724106 0.032456896551724124
13 0.23125 0.88 0.05249444444444443 0.07249444444444442
06 0.665 0.05625 0.02998809523809509 0.022488095238095238
03 0.41 0.11875 0.05499297752808985 0.062492977528089896
09 0.39625 0.576875 0.029995098039215684 0.04374509803921567
03 0.31125 0.239375 0.04245689655172408 0.03870689655172413
12 0.68125 0.934375 0.08747844827586215 0.05122844827586215
03 0.38 0.854375 0.05238636363636362 0.061136363636363766
20 0.8087500000000001 0.9256249999999999 0.03248579545454533 0.0337357954545453
