03 0.063125 0.5725 0.023733552631578954 0.017483552631578858
03 0.264375 0.176875 0.05374161073825506 0.03624161073825505
03 0.193125 0.03 0.031206896551724123 0.017456896551724138
20 0.42374999999999996 0.358125 0.024994444444444486 0.023744444444444512
07 0.094375 0.16875 0.026238095238095227 0.01248809523809527
03 0.34125 0.7168749999999999 0.009992977528089808 0.03374297752808986
04 0.04375 0.5237499999999999 0.022495098039215684 0.014995098039215615
12 0.8887499999999999 0.13375 0.04245689655172413 0.027456896551724133
03 0.7518750000000001 0.719375 0.03122844827586213 0.03372844827586219
13 0.12062500000000001 0.79625 0.031136363636363643 0.0848863636363637
