18 0.673125 0.746875 0.018733552631578942 0.02123355263157889
04 0.750625 0.275625 0.02374161073825487 0.023741610738255037
06 0.83125 0.8612500000000001 0.004956896551724044 0.022456896551724115
03 0.385625 0.604375 0.053744444444444484 0.051244444444444426
20 0.895625 0.9862500000000001 0.021238095238095056 0.02248809523809514
08 0.10875 0.89625 0.017492977528089898 0.029992977528089826
03 0.3675 0.123125 0.059995098039215655 0.018745098039215674
20 0.388125 0.5275000000000001 0.016206896551724137 0.012456896551724106
03 0.14375 0.33999999999999997 0.06747844827586207 0.052478448275862066
14 0.913125 0.33999999999999997 0.036136363636363744 0.017386363636363644
06 0.5337535511363636 0.094375 0.059992897727272676 0.02123579545454546
13 0.08937500000000001 0.30874999999999997 0.10871951219512196 0.05996951219512198
06 0.7943794642857143 0.755625 0.038741071428571416 0.05873214285714279
04 0.900625 0.12125 0.026237500000000025 0.01998749999999999
