03 0.27812499999999996 0.825625 0.04123355263157896 0.04873355263157897
10 0.945 0.499375 0.042491610738254915 0.02874161073825504
13 0.46562499999999996 0.535625 0.17370689655172405 0.06870689655172413
03 0.579375 0.98 0.03874444444444447 0.022494444444444373
03 0.561875 0.755625 0.031238095238095287 0.05123809523809508
03 0.700625 0.241875 0.03124297752808991 0.041242977528089836
03 0.166875 0.780625 0.0462450980392157 0.04874509803921567
03 0.475 0.9025 0.04245689655172413 0.08745689655172417
10 0.69875 0.258125 0.02997844827586227 0.028728448275862073
04 0.414375 0.3125 0.033636363636363575 0.03988636363636361
