03 0.685625 0.483125 0.0362335526315789 0.031233552631578954
07 0.370625 0.700625 0.04124161073825505 0.01624161073825492
07 0.23375 0.763739224137931 0.057456896551724146 0.06747844827586214
03 0.07750000000000001 0.765625 0.06249444444444445 0.04124444444444442
03 0.6493749999999999 0.24312499999999998 0.08873809523809517 0.03123809523809526
06 0.191875 0.245625 0.021242977528089846 0.04624297752808987
03 0.82875 0.445625 0.024995098039215735 0.04124509803921572
11 0.895 0.133125 0.039956896551724075 0.03870689655172413
06 0.888125 0.16749999999999998 0.021228448275862122 0.06247844827586205
15 0.7175 0.15375 0.02738636363636371 0.05738636363636365
05 0.3225 0.578125 0.0349857954545455 0.03623579545454536
03 0.14375 0.915625 0.024969512195121946 0.05371951219512194
13 0.860625 0.26187499999999997 0.026232142857142815 0.15373214285714282
