03 0.38687499999999997 0.8525 0.02373355263157889 0.014983552631578911
05 0.408125 0.1275 0.011241610738255026 0.024991610738255066
03 0.54 0.141875 0.00995689655172416 0.02120689655172414
14 0.943125 0.38312500000000005 0.02874444444444435 0.013744444444444504
03 0.446875 0.685 0.036238095238095236 0.029988095238095203
07 0.6106232443820225 0.021875 0.02374648876404495 0.01624297752808989
03 0.9824999999999999 0.226875 0.01999509803921573 0.0162450980392157
08 0.7125 0.08437499999999999 0.01745689655172411 0.05870689655172414
00 0.52 0.8356250000000001 0.022478448275862095 0.021228448275862122
06 0.71 0.6925 0.03738636363636372 0.04738636363636384
