07 0.170625 0.241875 0.02623355263157895 0.07373355263157899
04 0.37812500000000004 0.3825 0.033741610738255046 0.022491610738255008
10 0.58375 0.7831250000000001 0.029956896551724066 0.018706896551724195
20 0.54125 0.835 0.029994444444444435 0.02499444444444432
10 0.58375 0.691875 0.027488095238095256 0.028738095238095118
13 0.48124999999999996 0.3524982443820225 0.07999297752808981 0.0599964887640449
12 0.39 0.5606249999999999 0.05749509803921571 0.08124509803921576
03 0.74125 0.965 0.02745689655172412 0.014956896551724164
03 0.46 0.075625 0.039978448275862055 0.03372844827586207
01 0.66125 0.159375 0.03738636363636383 0.02363636363636365
09 0.44375 0.224375 0.042485795454545505 0.05623579545454546
13 0.494375 0.68875 0.121219512195122 0.014969512195121992
15 0.65375 0.16625 0.01748214285714289 0.05498214285714284
