03 0.784375 0.07375 0.026233552631578894 0.019983552631578944
06 0.218125 0.869375 0.05124161073825503 0.08874161073825482
10 0.45625 0.61625 0.012456896551724106 0.01745689655172411
18 0.845 0.701875 0.017494444444444368 0.0212444444444444
03 0.11499999999999999 0.53875 0.022488095238095238 0.03248809523809526
03 0.583125 0.5718749999999999 0.046242977528089924 0.08624297752808985
03 0.878125 0.16249999999999998 0.028745098039215766 0.014995098039215699
03 0.815 0.8 0.049956896551724195 0.057456896551724146
07 0.245 0.493125 0.06247844827586205 0.05622844827586204
18 0.3075 0.09812499999999999 0.0173863636363637 0.021136363636363634
05 0.26375 0.6299999999999999 0.02498579545454549 0.037485795454545445
12 0.12375 0.4525 0.02996951219512195 0.03246951219512195
18 0.318125 0.6018749999999999 0.018732142857142864 0.02123214285714281
14 0.189375 0.235625 0.011237500000000011 0.018737500000000018
