03 0.5300041118421053 0.6012500000000001 0.019991776315789522 0.03248355263157887
08 0.8162499999999999 0.184375 0.014991610738254946 0.03874161073825505
03 0.74125 0.37875000000000003 0.039956896551724186 0.019956896551724113
08 0.435625 0.27625 0.011244444444444501 0.022494444444444428
15 0.954375 0.893125 0.01873809523809511 0.01623809523809505
03 0.12875 0.579375 0.017492977528089884 0.0312429775280898
12 0.18625 0.241875 0.019995098039215675 0.021245098039215704
14 0.11562499999999999 0.6825 0.031206896551724123 0.02745689655172412
20 0.8625 0.9956303879310344 0.012478448275862197 0.008739224137931156
04 0.12062500000000001 0.298125 0.021136363636363634 0.01613636363636367
03 0.41874999999999996 0.4325 0.022485795454545487 0.012485795454545423
