00 0.8925000000000001 0.079375 0.04998355263157894 0.036233552631578944
07 0.899375 0.23375 0.08374161073825492 0.07749161073825506
07 0.12687500000000002 0.370625 0.033706896551724125 0.05870689655172412
18 0.061875 0.8075 0.02874444444444444 0.03249444444444438
15 0.39875 0.0875 0.05248809523809528 0.03248809523809523
01 0.6231249999999999 0.04375 0.03124297752808991 0.02249297752808989
15 0.780625 0.54375 0.038745098039215664 0.05749509803921571
03 0.801875 0.495 0.0387068965517241 0.049956896551724084
14 0.9806250000000001 0.57375 0.01622844827586223 0.09247844827586205
19 0.14750000000000002 0.460625 0.039886363636363636 0.04113636363636364
03 0.870625 0.27937500000000004 0.016235795454545343 0.05373579545454549
01 0.359375 0.919375 0.043719512195121935 0.03371951219512204
