20 0.795 0.595625 0.02498355263157892 0.016233552631578885
04 0.26625 0.079375 0.02999161073825507 0.02624161073825504
10 0.474375 0.96625 0.023706896551724144 0.02495689655172406
15 0.59875 0.8981250000000001 0.022494444444444595 0.031244444444444297
03 0.35750000000000004 0.384375 0.029988095238095258 0.02373809523809528
13 0.14875 0.48 0.07249297752808986 0.01749297752808987
02 0.7093750000000001 0.52125 0.04374509803921567 0.049995098039215646
01 0.94875 0.723125 0.01745689655172411 0.018706896551724084
14 0.453125 0.22999999999999998 0.061228448275862046 0.012478448275862059
10 0.409375 0.83375 0.02863636363636357 0.022386363636363704
