14 0.735625 0.629375 0.02873355263157895 0.023733552631578947
14 0.28374790268456374 0.33187500000000003 0.024995805369127544 0.018741610738255032
10 0.9325 0.60875 0.03495689655172418 0.029956896551724066
12 0.390625 0.959375 0.05874444444444449 0.05624444444444432
06 0.8887529761904762 0.1625 0.08249404761904766 0.09998809523809525
18 0.704375 0.02 0.023742977528089848 0.024992977528089887
03 0.93875 0.325625 0.07499509803921567 0.04374509803921567
14 0.171875 0.236875 0.03120689655172415 0.036206896551724155
14 0.22999999999999998 0.285625 0.03747844827586208 0.03372844827586208
12 0.4 0.468125 0.03988636363636361 0.04863636363636359
