03 0.80375 0.30125 0.057483552631578894 0.06748355263157896
09 0.263125 0.575 0.04124161073825505 0.024991610738255066
03 0.37751077586206894 0.429375 0.024978448275862097 0.04120689655172416
07 0.818125 0.905 0.04624444444444431 0.017494444444444368
11 0.498125 0.8512500000000001 0.051238095238095194 0.04998809523809522
14 0.86375 0.650625 0.05999297752808985 0.043742977528089866
03 0.859375 0.429375 0.028745098039215655 0.0737450980392157
09 0.41874999999999996 0.41625 0.02995689655172412 0.03995689655172413
03 0.113125 0.6975 0.031228448275862075 0.06247844827586224
03 0.9137500000000001 0.029375 0.03488636363636377 0.038636363636363635
14 0.700625 0.13125 0.02623579545454524 0.09248579545454545
