15 0.264375 0.95625 0.023733552631579002 0.03248355263157887
08 0.29625 0.6799999999999999 0.02999161073825507 0.01999161073825484
03 0.718125 0.674375 0.046206896551724164 0.1062068965517241
03 0.8456263888888889 0.18312499999999998 0.01624722222222219 0.041244444444444445
06 0.484375 0.29625 0.038738095238095294 0.02248809523809525
13 0.213125 0.18374999999999997 0.08374297752808982 0.10999297752808987
03 0.06 0.583125 0.022495098039215698 0.056245098039215735
02 0.43062500000000004 0.73875 0.03370689655172415 0.0749568965517241
09 0.18312499999999998 0.3225 0.05372844827586207 0.04247844827586206
03 0.9225000000000001 0.619375 0.06738636363636374 0.061136363636363655
