06 0.5787500000000001 0.589375 0.009983552631578907 0.0362335526315789
05 0.409375 0.9456249999999999 0.031241610738255043 0.03374161073825499
03 0.2 0.364375 0.07745689655172414 0.14620689655172414
03 0.8587499999999999 0.7268749999999999 0.03999444444444433 0.05374444444444426
07 0.391875 0.916875 0.05373809523809531 0.09123809523809512
07 0.060625 0.8987499999999999 0.03624297752808989 0.029992977528089937
05 0.9175 0.6375 0.032495098039215686 0.027495098039215682
03 0.8525 0.21375 0.039956896551724186 0.02995689655172412
12 0.534375 0.651875 0.05872844827586199 0.04122844827586214
03 0.12562500000000001 0.2375 0.023636363636363636 0.012386363636363668
03 0.305 0.901875 0.017485795454545427 0.048735795454545316
03 0.473125 0.9225 0.023719512195121972 0.07496951219512193
03 0.096875 0.23125 0.02623214285714287 0.03498214285714282
18 0.031875 0.10625000000000001 0.0212375 0.022487500000000007
