20 0.210625 0.33999999999999997 0.016233552631578968 0.014983552631578856
04 0.6637500000000001 0.286875 0.017491610738254892 0.023741610738255037
20 0.26625 0.38375 0.019956896551724113 0.022456896551724115
08 0.40125 0.54375 0.01749444444444448 0.009994444444444528
00 0.788125 0.20500000000000002 0.021238095238095167 0.019988095238095277
03 0.388125 0.51875 0.016242977528089897 0.014992977528089813
06 0.13 0.103125 0.03749509803921569 0.0337450980392157
06 0.41875 0.17875000000000002 0.00995689655172416 0.01995689655172414
11 0.206875 0.261875 0.02372844827586207 0.02372844827586207
03 0.50875 0.07 0.0298863636363636 0.024886363636363637
03 0.913125 0.7206250000000001 0.03873579545454531 0.041235795454545365
10 0.20750000000000002 0.6699999999999999 0.014969512195121965 0.01746951219512194
