04 0.771875 0.173125 0.026233552631578894 0.03873355263157896
03 0.22499999999999998 0.636875 0.02749161073825504 0.031241610738254932
20 0.094375 0.198125 0.026206896551724118 0.02120689655172414
20 0.36250000000000004 0.6837500000000001 0.034994444444444495 0.029994444444444324
03 0.91625 0.2025 0.06498809523809512 0.05248809523809525
08 0.809375 0.416875 0.023742977528089848 0.061242977528089826
03 0.170625 0.776875 0.05624509803921568 0.028745098039215655
03 0.928125 0.28375 0.06870689655172413 0.0649568965517241
14 0.32125 0.6431250000000001 0.04497844827586206 0.0437284482758622
03 0.5037499999999999 0.2625 0.054886363636363567 0.0173863636363637
