03 0.9606250000000001 0.7925 0.013733552631578827 0.022483552631578974
14 0.931875 0.880625 0.02374161073825487 0.04124161073825494
03 0.8725 0.264375 0.04495689655172408 0.01870689655172414
09 0.7637499999999999 0.39875 0.047494444444444395 0.05249444444444451
20 0.9575 0.590625 0.02998809523809509 0.023738095238095336
18 0.32375 0.08937500000000001 0.019992977528089872 0.021242977528089887
20 0.249375 0.671875 0.028745098039215683 0.023745098039215762
03 0.343125 0.8631249999999999 0.053706896551724115 0.043706896551724106
01 0.45125000000000004 0.6893750000000001 0.017478448275862035 0.01622844827586223
03 0.10625000000000001 0.30125 0.04738636363636363 0.03238636363636366
