10 0.035 0.8668750000000001 0.047483552631578954 0.043733552631578854
20 0.91875 0.151875 0.029991610738254848 0.031241610738255043
03 0.24875 0.885 0.04995689655172414 0.029956896551724066
06 0.595 0.20875 0.1774944444444444 0.06749444444444444
20 0.35750000000000004 0.83375 0.03498809523809526 0.02248809523809514
19 0.90875 0.71625 0.047492977528089786 0.07249297752808992
04 0.3775 0.8425 0.06249509803921571 0.06749509803921572
06 0.143125 0.645625 0.03620689655172413 0.11120689655172411
08 0.516875 0.21187499999999998 0.0562284482758621 0.03622844827586205
11 0.311875 0.190625 0.05863636363636365 0.04613636363636367
03 0.32000355113636364 0.6893750000000001 0.15499289772727276 0.08373579545454535
06 0.67125 0.11875 0.17996951219512192 0.12496951219512195
06 0.21437499999999998 0.400625 0.031232142857142847 0.13373214285714285
