11 0.31437499999999996 0.969375 0.03623355263157896 0.02873355263157884
04 0.800625 0.7037500000000001 0.031241610738254932 0.0274916107382549
03 0.139375 0.085625 0.03870689655172414 0.06620689655172414
03 0.91875 0.32000000000000006 0.054994444444444346 0.052494444444444455
18 0.018749999999999996 0.18062499999999998 0.024988095238095233 0.028738095238095257
04 0.79625 0.575625 0.03249297752808977 0.036242977528089804
12 0.338125 0.36812500000000004 0.04124509803921572 0.041245098039215666
06 0.78875 0.13624999999999998 0.08995689655172412 0.052456896551724114
04 0.661875 0.373125 0.036228448275862135 0.028728448275862073
03 0.255625 0.091875 0.031136363636363684 0.028636363636363626
13 0.8631249999999999 0.343125 0.05623579545454527 0.04623579545454548
