18 0.640625 0.851875 0.023733552631578947 0.026233552631578894
15 0.6756249999999999 0.25312500000000004 0.06874161073825491 0.043741610738255055
18 0.784375 0.289375 0.026206896551724146 0.028706896551724093
06 0.6925 0.5431250000000001 0.029994444444444435 0.013744444444444448
15 0.843125 0.8843749999999999 0.04623809523809519 0.04373809523809513
07 0.598125 0.6268750000000001 0.053742977528089875 0.036242977528089804
15 0.61875 0.46625000000000005 0.03999509803921564 0.03499509803921569
01 0.080625 0.74 0.04120689655172414 0.04245689655172413
07 0.946875 0.204375 0.06372844827586222 0.04622844827586209
04 0.195 0.653125 0.03238636363636366 0.03863636363636369
14 0.415 0.05125 0.047485795454545454 0.03498579545454546
03 0.6187499999999999 0.515 0.06746951219512198 0.022469512195121943
14 0.790625 0.706875 0.04873214285714278 0.026232142857142815
