10 0.41437500000000005 0.9068750000000001 0.02373355263157889 0.02123355263157889
07 0.3875 0.29375 0.034991610738255075 0.02999161073825507
03 0.32499999999999996 0.15936422413793103 0.024956896551724117 0.016228448275862062
00 0.89375 0.16625 0.027494444444444377 0.02749444444444446
01 0.84125 0.5731250000000001 0.014988095238095078 0.016238095238095274
10 0.985625 0.058124999999999996 0.0212429775280899 0.018742977528089892
06 0.8200000000000001 0.050625 0.0674950980392156 0.016245098039215693
00 0.6487499999999999 0.1725 0.022456896551724115 0.022456896551724143
13 0.06937499999999999 0.965625 0.03872844827586207 0.02372844827586229
14 0.70875 0.5800000000000001 0.022386363636363704 0.03488636363636355
