03 0.9468749999999999 0.086875 0.05373355263157886 0.02873355263157895
14 0.515 0.193125 0.02249161073825512 0.04624161073825506
05 0.7418750000000001 0.145 0.03120689655172415 0.032456896551724124
20 0.143125 0.3375 0.011244444444444446 0.01249444444444453
03 0.9612499999999999 0.4225 0.03248809523809515 0.047488095238095274
08 0.6331249999999999 0.348125 0.0212429775280899 0.021242977528089846
03 0.41625 0.48187500000000005 0.012495098039215669 0.03874509803921572
08 0.114375 0.865625 0.013706896551724121 0.0387068965517241
03 0.121875 0.7925 0.031228448275862047 0.02747844827586221
03 0.135 0.116875 0.027386363636363625 0.033636363636363645
15 0.816875 0.391875 0.048735795454545316 0.018735795454545456
01 0.80375 0.414375 0.03746951219512196 0.03121951219512198
