03 0.645 0.343125 0.019983552631578916 0.028733552631578896
04 0.166875 0.23812499999999998 0.02624161073825504 0.031241610738255016
09 0.660625 0.950625 0.036206896551724155 0.026206896551724035
07 0.34875 0.8512500000000001 0.08749444444444449 0.03499444444444444
18 0.7106250000000001 0.201875 0.01623809523809505 0.018738095238095276
15 0.10375 0.518125 0.052492977528089874 0.023742977528089848
10 0.505 0.318125 0.022495098039215733 0.0162450980392157
15 0.25937499999999997 0.18312499999999998 0.021206896551724114 0.023706896551724116
18 0.4475 0.6637500000000001 0.01747844827586209 0.01997844827586215
20 0.858125 0.504375 0.03113636363636374 0.026136363636363624
09 0.09875 0.3325 0.01998579545454547 0.049985795454545456
