00 0.7125 0.870625 0.02498355263157892 0.02123355263157889
01 0.67125 0.73875 0.024991610738254844 0.022491610738254897
04 0.08687500000000001 0.913125 0.028706896551724134 0.023706896551724088
04 0.17625 0.365625 0.02499444444444443 0.023744444444444512
01 0.32625000000000004 0.9824999999999999 0.01998809523809525 0.014988095238095078
04 0.360625 0.08124999999999999 0.02624297752808985 0.017492977528089884
03 0.09875 0.2925 0.014995098039215685 0.009995098039215666
08 0.17375000000000002 0.8674999999999999 0.022456896551724143 0.02495689655172406
03 0.8668750000000001 0.26 0.05872844827586221 0.06247844827586205
20 0.09062500000000001 0.10625000000000001 0.023636363636363636 0.024886363636363637
07 0.11937855113636364 0.544375 0.03624289772727274 0.02123579545454557
03 0.5387500000000001 0.78375 0.01746951219512194 0.022469512195122054
06 0.8787544642857144 0.5081249999999999 0.027491071428571323 0.016232142857142917
