01 0.109375 0.9381250000000001 0.02623355263157895 0.02123355263157889
02 0.9018729026845638 0.628125 0.03374580536912741 0.03624161073825494
03 0.124375 0.271875 0.04870689655172414 0.023706896551724144
08 0.899375 0.509375 0.031244444444444297 0.038744444444444526
03 0.5700000000000001 0.7250000000000001 0.047488095238095274 0.034988095238095096
00 0.250625 0.958125 0.04374297752808984 0.028742977528089853
03 0.765625 0.29 0.07374509803921558 0.03749509803921569
14 0.19874999999999998 0.584375 0.04995689655172411 0.0387068965517241
19 0.28312499999999996 0.2525 0.02622844827586207 0.042478448275862085
19 0.405 0.815625 0.03738636363636355 0.03863636363636369
03 0.5218750000000001 0.801875 0.05623579545454549 0.07873579545454534
