03 0.064375 0.446875 0.053733552631578946 0.0337335526315789
15 0.855 0.475 0.017491610738254892 0.022491610738255063
03 0.6325000000000001 0.72125 0.039956896551724186 0.039956896551724186
04 0.39625 0.6875 0.027494444444444488 0.022494444444444373
20 0.164375 0.38 0.036238095238095264 0.037488095238095265
03 0.84125 0.15187499999999998 0.022492977528089875 0.021242977528089874
14 0.7324999999999999 0.760625 0.04999509803921576 0.056245098039215735
13 0.80875 0.92875 0.10995689655172414 0.07995689655172411
06 0.119375 0.15625 0.09872844827586205 0.027478448275862044
05 0.339375 0.47750000000000004 0.028636363636363626 0.01988636363636359
01 0.52875 0.3775 0.022485795454545543 0.017485795454545427
14 0.885 0.08875 0.03246951219512195 0.03246951219512194
03 0.916875 0.374375 0.02873214285714276 0.01873214285714281
18 0.35062499999999996 0.430625 0.013737500000000014 0.016237500000000016
