10 0.258125 0.78375 0.04123355263157899 0.029983552631578925
01 0.499375 0.8775 0.02624161073825504 0.024991610738254955
12 0.080625 0.190625 0.04620689655172414 0.046206896551724136
08 0.8668750000000001 0.5862499999999999 0.0787444444444444 0.0424944444444445
14 0.130625 0.8356250000000001 0.031238095238095218 0.0612380952380952
14 0.9375 0.34625 0.03249297752808977 0.06499297752808986
01 0.9143749999999999 0.928125 0.03374509803921566 0.02624509803921571
01 0.0625 0.075 0.01995689655172414 0.01995689655172414
20 0.8787499999999999 0.441875 0.0174784482758622 0.018728448275862064
20 0.09875 0.31437499999999996 0.03238636363636363 0.03363636363636363
08 0.206875 0.14 0.02373579545454546 0.027485795454545464
