03 0.169375 0.8525 0.053733552631578946 0.08998355263157887
06 0.6825 0.521875 0.08249161073825495 0.07624161073825503
06 0.775 0.725625 0.07745689655172416 0.011206896551724133
04 0.19187500000000002 0.6443749999999999 0.03874444444444444 0.02874444444444435
02 0.884375 0.09375 0.058738095238095145 0.07498809523809524
03 0.62875 0.8225 0.08249297752808982 0.039992977528089835
08 0.193125 0.21375 0.03374509803921569 0.0499950980392157
06 0.12063577586206897 0.62625 0.07872844827586206 0.01745689655172411
00 0.2625 0.494375 0.04497844827586206 0.028728448275862073
04 0.516875 0.20500000000000002 0.03863636363636358 0.03738636363636369
14 0.284375 0.345 0.026235795454545463 0.049985795454545456
03 0.8825000000000001 0.25937499999999997 0.06496951219512204 0.046219512195121965
19 0.15375 0.7475 0.04748214285714286 0.02498214285714273
20 0.970625 0.649375 0.03123750000000003 0.023737500000000078
