06 0.7618750000000001 0.47062499999999996 0.033733552631578845 0.0337335526315789
03 0.551875 0.65875 0.05124161073825495 0.034991610738254963
05 0.48124999999999996 0.81 0.044956896551724135 0.019956896551724168
07 0.915 0.891875 0.057494444444444404 0.023744444444444346
03 0.8143750000000001 0.405 0.02623809523809506 0.01998809523809525
08 0.8018732443820225 0.606875 0.04624648876404491 0.03374297752808986
05 0.8162499999999999 0.520625 0.022495098039215677 0.04874509803921567
19 0.046875 0.7125 0.02620689655172414 0.029956896551724066
03 0.420625 0.1725 0.06372844827586205 0.07997844827586206
15 0.765625 0.29312499999999997 0.02113636363636373 0.061136363636363655
