10 0.27812499999999996 0.061875000000000006 0.04123355263157896 0.038733552631578974
06 0.345625 0.895 0.01624161073825503 0.04499161073825486
06 0.33188577586206897 0.813125 0.028728448275862073 0.09870689655172415
07 0.17562499999999998 0.42375 0.10124444444444444 0.03249444444444449
03 0.058125 0.794375 0.04873809523809523 0.02623809523809506
03 0.20875 0.320625 0.03499297752808986 0.10124297752808986
10 0.56375 0.316875 0.027495098039215682 0.02874509803921571
09 0.753125 0.5862499999999999 0.053706896551724115 0.04495689655172408
14 0.4625 0.233125 0.034978448275862106 0.018728448275862064
01 0.879375 0.6975 0.04613636363636375 0.029886363636363766
03 0.16749999999999998 0.778125 0.049985795454545484 0.023735795454545294
11 0.410625 0.845 0.04371951219512199 0.027469512195121948
03 0.915 0.4175 0.03498214285714285 0.02248214285714284
