08 0.6487499999999999 0.92875 0.03498355263157882 0.022483552631578863
08 0.14875 0.5800000000000001 0.022491610738255036 0.03999161073825508
03 0.21875 0.58875 0.09995689655172413 0.02745689655172412
07 0.279375 0.9275 0.04624444444444442 0.04999444444444434
14 0.62 0.7424999999999999 0.03498809523809521 0.03248809523809515
20 0.505625 0.1475 0.03874297752808986 0.034992977528089886
20 0.516875 0.42125 0.021245098039215704 0.019995098039215675
14 0.8687499999999999 0.5725 0.05495689655172409 0.039956896551724075
14 0.38375 0.666875 0.039978448275862055 0.05622844827586215
19 0.8725 0.21375 0.03488636363636377 0.027386363636363653
14 0.3825 0.92625 0.04498579545454551 0.027485795454545325
12 0.276875 0.799375 0.04371951219512199 0.06371951219512206
09 0.45125 0.9568749999999999 0.029982142857142846 0.043732142857142775
03 0.934375 0.22625 0.023737500000000078 0.01998750000000002
