03 0.821875 0.393125 0.04873355263157886 0.023733552631578947
03 0.6025 0.126875 0.01999161073825506 0.04374161073825504
06 0.698125 0.931864224137931 0.04870689655172411 0.046228448275862144
01 0.93375 0.5925 0.022494444444444373 0.019994444444444537
18 0.45875 0.703125 0.017488095238095247 0.01873809523809511
14 0.486875 0.506875 0.03124297752808991 0.03624297752808986
03 0.5943750000000001 0.7306250000000001 0.021245098039215704 0.031245098039215713
04 0.14625 0.12125 0.022456896551724143 0.019956896551724113
05 0.639375 0.6300000000000001 0.021228448275862122 0.022478448275862095
07 0.4962784090909091 0.5 0.019943181818181777 0.037386363636363606
20 0.640625 0.3325 0.0187357954545454 0.019985795454545485
18 0.6187499999999999 0.47125 0.01746951219512194 0.019969512195121997
13 0.455625 0.049375 0.02123214285714281 0.04373214285714286
