15 0.45875 0.2225 0.02498355263157892 0.024983552631578976
11 0.61625 0.4 0.034991610738255075 0.029991610738255015
03 0.41374999999999995 0.776875 0.034956896551724126 0.036206896551724155
02 0.3975 0.631875 0.022494444444444484 0.03874444444444447
04 0.5018750000000001 0.45625 0.03623809523809529 0.02248809523809525
13 0.61125 0.12125 0.049992977528089844 0.08999297752808988
03 0.74625 0.855 0.07749509803921573 0.13749509803921567
07 0.8025 0.420625 0.029956896551724066 0.028706896551724148
08 0.163125 0.6300000000000001 0.011228448275862057 0.022478448275862095
07 0.078125 0.23125 0.013636363636363641 0.06738636363636366
