05 0.18937500000000002 0.33499999999999996 0.026233552631578977 0.04498355263157894
20 0.626875 0.5918749999999999 0.031241610738254932 0.021241610738255035
20 0.279375 0.380625 0.016206896551724137 0.016206896551724137
09 0.47125 0.260625 0.0374944444444445 0.02374444444444443
18 0.128125 0.8200000000000001 0.018738095238095248 0.02248809523809514
18 0.8981250000000001 0.33375 0.023742977528089848 0.02499297752808982
09 0.3125 0.4625 0.0474950980392157 0.05249509803921565
15 0.4325 0.4575 0.032456896551724124 0.022456896551724115
11 0.316875 0.1925 0.03622844827586208 0.022478448275862067
04 0.345 0.6187499999999999 0.024886363636363595 0.022386363636363593
20 0.231875 0.094375 0.02373579545454546 0.02123579545454546
14 0.1975 0.24 0.03496951219512198 0.01996951219512197
07 0.44062500000000004 0.348125 0.06373214285714285 0.04123214285714283
12 0.27875 0.23625 0.06248750000000003 0.03998750000000001
