06 0.335625 0.06625 0.08123355263157894 0.022483552631578953
08 0.306875 0.49187499999999995 0.023741610738255037 0.046241610738255
14 0.926875 0.3925 0.05120689655172406 0.057456896551724146
06 0.33125000000000004 0.8331249999999999 0.03749444444444444 0.02874444444444435
06 0.833125 0.03875000000000001 0.10373809523809507 0.009988095238095233
07 0.24125000000000002 0.6343732443820225 0.13999297752808984 0.10124648876404496
10 0.280625 0.5762499999999999 0.02874509803921571 0.032495098039215686
20 0.398125 0.788125 0.03120689655172415 0.03120689655172415
07 0.8400053879310345 0.5575 0.039989224137931045 0.049978448275862064
03 0.1225 0.681875 0.08238636363636363 0.07363636363636372
15 0.971875 0.195625 0.03623579545454525 0.02373579545454546
11 0.15000000000000002 0.23374999999999999 0.029969512195121978 0.03996951219512196
20 0.258125 0.358125 0.02123214285714281 0.01623214285714286
00 0.171875 0.06375 0.04123750000000004 0.0349875
