13 0.1125 0.600625 0.13248355263157896 0.061233552631578925
08 0.47250000000000003 0.363125 0.027491610738255068 0.03624161073825505
07 0.395 0.275625 0.09995689655172413 0.01870689655172414
04 0.92875 0.944375 0.037494444444444386 0.03874444444444436
14 0.641875 0.910625 0.023738095238095225 0.05373809523809514
01 0.40375 0.015625 0.02749297752808988 0.021242977528089887
10 0.16375 0.22312500000000002 0.029995098039215684 0.03374509803921569
08 0.29000000000000004 0.1275 0.07495689655172416 0.02495689655172413
06 0.673125 0.630625 0.0062284482758622195 0.09122844827586218
03 0.4125 0.024375 0.034886363636363604 0.016136363636363633
01 0.211875 0.40375 0.041235795454545476 0.037485795454545445
11 0.71 0.7625 0.03496951219512201 0.03746951219512196
18 0.934375 0.6275 0.028732142857142873 0.03248214285714279
08 0.6325000000000001 0.57875 0.05498750000000008 0.022487499999999994
