02 0.288125 0.451875 0.03873355263157896 0.05123355263157886
00 0.24875 0.275625 0.03249161073825507 0.02874161073825504
03 0.528125 0.545625 0.023706896551724088 0.046206896551724164
04 0.1075 0.87375 0.029994444444444462 0.029994444444444324
11 0.46125 0.128125 0.027488095238095256 0.02123809523809525
03 0.22375 0.61875 0.039992977528089835 0.019992977528089817
06 0.29312499999999997 0.5818749999999999 0.018745098039215702 0.0737450980392157
09 0.905 0.5449999999999999 0.022456896551724115 0.03495689655172407
05 0.51 0.5925 0.02247844827586204 0.032478448275862104
06 0.401875 0.975625 0.011136363636363611 0.02363636363636379
08 0.5206249999999999 0.026874999999999996 0.03623579545454547 0.05123579545454545
01 0.231875 0.944375 0.026219512195121975 0.018719512195121912
18 0.868125 0.055625 0.018732142857142864 0.021232142857142852
15 0.226875 0.910625 0.036237500000000006 0.02123750000000002
