12 0.269375 0.544375 0.05873355263157895 0.05873355263157898
20 0.03875 0.78875 0.01999161073825503 0.022491610738254897
15 0.691875 0.09125 0.0337068965517241 0.057456896551724146
03 0.395 0.17812499999999998 0.02999444444444449 0.04874444444444445
13 0.42374999999999996 0.401875 0.01998809523809525 0.1737380952380953
06 0.48625 0.089375 0.012492977528089866 0.09124297752808988
18 0.27937500000000004 0.44 0.023745098039215706 0.027495098039215682
03 0.6812499999999999 0.639375 0.022456896551724115 0.018706896551724084
02 0.156875 0.105625 0.10122844827586205 0.05122844827586208
04 0.60625 0.35750000000000004 0.0323863636363636 0.0298863636363636
