08 0.07375411184210526 0.11000000000000001 0.03999177631578948 0.037483552631578945
07 0.80125 0.116875 0.042491610738254915 0.08874161073825504
03 0.760625 0.38 0.03120689655172404 0.03745689655172413
00 0.34375 0.696875 0.027494444444444488 0.023744444444444346
15 0.055625 0.8475 0.02373809523809524 0.05748809523809517
07 0.444375 0.130625 0.08124297752808984 0.033742977528089885
01 0.5575 0.526875 0.024995098039215735 0.021245098039215704
14 0.193125 0.5918749999999999 0.03620689655172413 0.0337068965517241
20 0.2425 0.13624999999999998 0.022478448275862067 0.019978448275862065
15 0.223125 0.6174999999999999 0.021136363636363675 0.03488636363636355
03 0.5306249999999999 0.5525 0.03623579545454547 0.04998579545454551
