03 0.378125 0.45625000000000004 0.031233552631578898 0.022483552631578918
03 0.9612499999999999 0.385625 0.034991610738254963 0.02874161073825504
01 0.5518749999999999 0.571875 0.011206896551724133 0.008706896551724075
06 0.798125 0.45625 0.006244444444444386 0.06249444444444452
04 0.9524999999999999 0.503125 0.02248809523809514 0.021238095238095334
03 0.11499999999999999 0.32 0.04499297752808988 0.014992977528089813
01 0.31062500000000004 0.608125 0.013745098039215697 0.0162450980392157
14 0.41375 0.291875 0.019956896551724168 0.013706896551724135
18 0.95875 0.66 0.01997844827586226 0.022478448275862206
12 0.913125 0.830625 0.0336363636363638 0.043636363636363806
09 0.76375 0.1075 0.017485795454545316 0.03748579545454547
09 0.040624999999999994 0.43875 0.028719512195121946 0.022469512195122
06 0.40625 0.47562053571428575 0.05498214285714287 0.04624107142857142
03 0.893125 0.37375 0.018737499999999963 0.06998750000000004
