03 0.561875 0.306875 0.01873355263157883 0.013733552631578938
03 0.53 0.47125 0.007491610738254995 0.014991610738255057
14 0.656875 0.736875 0.016206896551724137 0.01370689655172408
13 0.235625 0.961875 0.03374444444444441 0.021244444444444288
20 0.7406250000000001 0.153125 0.013738095238095105 0.013738095238095244
05 0.885 0.11624999999999999 0.012492977528089866 0.024992977528089877
10 0.44125000000000003 0.07 0.01749509803921573 0.017495098039215687
03 0.385625 0.27249999999999996 0.026206896551724146 0.019956896551724113
18 0.14750000000000002 0.37875000000000003 0.012478448275862059 0.014978448275862088
15 0.705625 0.196875 0.021136363636363842 0.013636363636363669
09 0.560625 0.5062500000000001 0.02123579545454546 0.02498579545454549
08 0.88875 0.226875 0.019969512195121997 0.018719512195121968
03 0.234375 0.1275 0.026232142857142815 0.024982142857142856
