01 0.493125 0.23 0.023733552631578836 0.01998355263157897
03 0.12062500000000001 0.39749999999999996 0.02374161073825505 0.05499161073825504
03 0.10750000000000001 0.350625 0.019956896551724126 0.02120689655172414
10 0.5149999999999999 0.134375 0.022494444444444484 0.021244444444444455
16 0.88375 0.681875 0.02248809523809514 0.03873809523809513
14 0.6799999999999999 0.22 0.04249297752808989 0.03249297752808983
14 0.289375 0.013125 0.02624509803921571 0.023745098039215685
08 0.381875 0.8225 0.016206896551724137 0.01745689655172411
18 0.868125 0.9125000000000001 0.01622844827586223 0.0174784482758622
03 0.90625 0.5487500000000001 0.03738636363636383 0.012386363636363584
05 0.971875 0.9456249999999999 0.021235795454545348 0.016235795454545232
