11 0.5425 0.6125 0.03248355263157887 0.03498355263157882
11 0.51625 0.398125 0.027491610738255012 0.021241610738255035
09 0.943125 0.51375 0.03120689655172404 0.02745689655172412
20 0.305 0.21187499999999998 0.02499444444444443 0.018744444444444425
09 0.10500000000000001 0.22625 0.04498809523809523 0.037488095238095265
09 0.42874999999999996 0.526875 0.027492977528089824 0.03874297752808986
14 0.14125 0.576875 0.05749509803921568 0.05874509803921568
20 0.8200000000000001 0.353125 0.029956896551724177 0.031206896551724095
07 0.13874999999999998 0.20125 0.01497844827586206 0.12997844827586208
01 0.438125 0.5075 0.016136363636363615 0.017386363636363533
20 0.2475 0.69625 0.02498579545454549 0.017485795454545316
03 0.911875 0.05 0.028719512195122032 0.04496951219512195
08 0.8831249999999999 0.520625 0.043732142857142775 0.036232142857142824
