03 0.16999999999999998 0.34187500000000004 0.029983552631578952 0.018733552631578887
14 0.8668750000000001 0.574375 0.05124161073825484 0.01624161073825503
04 0.175 0.3775 0.022456896551724143 0.01745689655172411
04 0.255625 0.06999999999999999 0.0212444444444444 0.022494444444444428
10 0.371875 0.888125 0.016238095238095274 0.013738095238095105
11 0.98 0.389375 0.019992977528089817 0.0187429775280899
03 0.6575 0.9125 0.017495098039215673 0.027495098039215682
18 0.838125 0.926875 0.016206896551724137 0.018706896551724084
13 0.15188038793103448 0.61 0.03623922413793104 0.03247844827586199
05 0.509375 0.803125 0.016136363636363615 0.03113636363636374
