14 0.838125 0.6056250000000001 0.04123355263157891 0.031233552631578898
08 0.26937500000000003 0.12875 0.02124161073825509 0.02999161073825503
12 0.48875 0.8025 0.02995689655172412 0.04245689655172413
06 0.2000013888888889 0.33375 0.017497222222222192 0.07249444444444447
14 0.089375 0.29125 0.036238095238095236 0.019988095238095305
03 0.618125 0.448125 0.028742977528089853 0.028742977528089853
10 0.86375 0.7775000000000001 0.024995098039215735 0.01999509803921573
09 0.034375 0.20625 0.03870689655172414 0.034956896551724126
20 0.486875 0.725625 0.01372844827586206 0.01622844827586223
07 0.489375 0.536875 0.013636363636363558 0.031136363636363518
03 0.311875 0.179375 0.018735795454545456 0.02373579545454546
