03 0.77 0.8975 0.014983552631578911 0.039983552631578934
03 0.926875 0.646875 0.018741610738254977 0.02624161073825504
03 0.685625 0.8162499999999999 0.0387068965517241 0.019956896551724168
07 0.716875 0.575625 0.023744444444444346 0.02124444444444451
03 0.4525 0.9512499999999999 0.027488095238095256 0.019988095238095194
08 0.2675 0.295625 0.01749297752808987 0.031242977528089855
07 0.14312622549019607 0.5643750000000001 0.016247549019607843 0.028745098039215766
03 0.458125 0.824375 0.03120689655172415 0.0387068965517241
03 0.778125 0.731875 0.013728448275862282 0.03122844827586213
03 0.8649715909090909 0.339375 0.009943181818181879 0.03613636363636358
09 0.8825000000000001 0.37 0.024985795454545268 0.029985795454545494
00 0.7625 0.6637500000000001 0.027469512195121948 0.029969512195121895
06 0.55625 0.265 0.057482142857142815 0.047482142857142834
03 0.44937499999999997 0.520625 0.023737500000000022 0.023737499999999967
