20 0.8187500000000001 0.6656249999999999 0.029983552631578925 0.02123355263157889
13 0.296875 0.37375 0.14874161073825506 0.10749161073825503
03 0.17875 0.06375 0.02745689655172412 0.03495689655172414
13 0.76 0.87375 0.08499444444444437 0.07999444444444437
04 0.299375 0.526875 0.04373809523809524 0.031238095238095287
03 0.32375 0.294375 0.05999297752808985 0.023742977528089848
04 0.48250000000000004 0.838125 0.047495098039215755 0.05374509803921568
04 0.30625 0.5025 0.032456896551724124 0.04245689655172413
20 0.234375 0.423125 0.031228448275862075 0.031228448275862075
08 0.7424999999999999 0.568125 0.16238636363636372 0.023636363636363678
00 0.33625000000000005 0.02625 0.05498579545454546 0.039985795454545454
03 0.361875 0.8668750000000001 0.10121951219512193 0.023719512195122028
