08 0.403125 0.5118750000000001 0.016233552631578885 0.018733552631578942
03 0.871875 0.75125 0.046241610738254946 0.03499161073825485
19 0.92 0.756875 0.02745689655172412 0.028706896551724093
06 0.610625 0.156875 0.016244444444444506 0.01624444444444445
00 0.47062499999999996 0.713125 0.018738095238095276 0.013738095238095216
01 0.805625 0.60875 0.01374297752808984 0.014992977528089924
06 0.26 0.9125 0.014995098039215726 0.059995098039215655
06 0.965 0.6074999999999999 0.0074568965517241015 0.029956896551724177
20 0.1825 0.911875 0.017478448275862063 0.01372844827586217
11 0.26 0.8362499999999999 0.02488636363636368 0.014886363636363753
10 0.365625 0.5275000000000001 0.013735795454545452 0.01498579545454548
04 0.59625 0.491875 0.019969512195121886 0.026219512195121975
