03 0.2225 0.443125 0.044983552631578994 0.02123355263157889
01 0.696875 0.58125 0.04374161073825489 0.034991610738254963
00 0.22 0.10437500000000001 0.044956896551724135 0.046206896551724136
03 0.55 0.575625 0.029994444444444546 0.018744444444444563
15 0.9493750000000001 0.6125 0.041238095238095185 0.05248809523809528
15 0.620625 0.473125 0.07374297752808978 0.02624297752808985
09 0.390625 0.5025 0.03374509803921566 0.05749509803921565
18 0.8225 0.050625 0.024956896551724173 0.028706896551724148
04 0.84375 0.7925 0.032478448275862215 0.02747844827586221
06 0.6275 0.925625 0.08238636363636365 0.018636363636363784
