20 0.953125 0.719375 0.016233552631578885 0.013733552631578938
03 0.240625 0.104375 0.06874161073825508 0.03874161073825505
03 0.22125 0.930625 0.014956896551724108 0.026206896551724146
15 0.62125 0.630625 0.027494444444444488 0.026244444444444404
01 0.213125 0.974375 0.016238095238095274 0.011238095238095047
06 0.8768750000000001 0.788125 0.01374297752808984 0.07374297752808989
03 0.14125 0.84625 0.032495098039215714 0.03499509803921563
17 0.860625 0.321875 0.028706896551724093 0.031206896551724095
03 0.8793803879310345 0.94125 0.03123922413793112 0.012478448275862197
14 0.125 0.06375 0.022386363636363635 0.027386363636363632
04 0.26749999999999996 0.643125 0.032485795454545496 0.02873579545454541
08 0.05374999999999999 0.091875 0.02746951219512194 0.023719512195121945
