03 0.739375 0.6475 0.033733552631578956 0.012483552631578854
20 0.295 0.830625 0.02999161073825507 0.021241610738254812
12 0.5331250000000001 0.06937499999999999 0.07370689655172413 0.06620689655172414
14 0.04375 0.15562499999999999 0.039994444444444444 0.05374444444444443
03 0.75875 0.06875 0.044988095238095105 0.04248809523809523
12 0.15 0.14625 0.09249297752808988 0.09249297752808988
20 0.681875 0.778125 0.04124509803921561 0.04124509803921572
14 0.8087500000000001 0.7375 0.032456896551724124 0.03745689655172413
08 0.889375 0.7375 0.08872844827586224 0.10247844827586217
15 0.6581250000000001 0.256875 0.0486363636363637 0.028636363636363682
01 0.920625 0.13624999999999998 0.0287357954545453 0.027485795454545464
20 0.75375 0.431875 0.022469512195121943 0.026219512195121975
