20 0.5125 0.660625 0.014983552631578911 0.013733552631578938
06 0.70875 0.10750000000000001 0.009991610738254941 0.019991610738255047
20 0.856875 0.454375 0.018706896551724195 0.021206896551724086
06 0.350625 0.028124999999999997 0.06374444444444449 0.04374444444444444
04 0.15625 0.6225 0.017488095238095247 0.019988095238095194
11 0.5818749999999999 0.5662499999999999 0.023742977528089848 0.02499297752808982
15 0.478125 0.076875 0.018745098039215702 0.031245098039215685
14 0.9681249999999999 0.63375 0.011206896551724133 0.029956896551724177
13 0.40125 0.71375 0.029978448275862046 0.03497844827586216
12 0.720625 0.538125 0.02113636363636373 0.03613636363636363
08 0.027499999999999997 0.29625 0.03498579545454545 0.019985795454545485
00 0.21375 0.8418749999999999 0.017469512195121994 0.016219512195121966
08 0.9112499999999999 0.9075 0.009982142857142828 0.02748214285714279
