08 0.78125 0.6825 0.06498355263157896 0.114983552631579
03 0.29 0.879375 0.06749161073825505 0.04124161073825494
20 0.3325 0.28 0.04995689655172414 0.02995689655172412
10 0.88 0.75125 0.039994444444444444 0.03499444444444433
17 0.200625 0.08812500000000001 0.06623809523809526 0.08123809523809523
07 0.429375 0.3125 0.06624297752808983 0.07249297752808981
14 0.215625 0.450625 0.043745098039215696 0.03374509803921566
08 0.505625 0.16375 0.041206896551724104 0.08995689655172413
03 0.29374999999999996 0.13375 0.03747844827586205 0.052478448275862066
18 0.649375 0.640625 0.043636363636363695 0.04613636363636364
03 0.63625 0.56375 0.022485795454545432 0.06748579545454547
06 0.06875 0.028749999999999994 0.027469512195121934 0.05246951219512194
