14 0.16562500000000002 0.30125 0.04373355263157894 0.01748355263157897
06 0.5537479026845638 0.083125 0.054995805369127515 0.06124161073825504
14 0.745625 0.446875 0.018706896551724084 0.0362068965517241
15 0.8062486111111111 0.80125 0.01999722222222211 0.012494444444444364
10 0.391875 0.52 0.02373809523809528 0.02248809523809525
12 0.875 0.88 0.03249297752808977 0.03749297752808989
08 0.17562622549019608 0.8825 0.03874754901960786 0.027495098039215682
03 0.7050000000000001 0.21437499999999998 0.022456896551724115 0.05870689655172415
03 0.198125 0.06812499999999999 0.03872844827586208 0.036228448275862066
14 0.16125 0.14500000000000002 0.03738636363636366 0.04238636363636364
14 0.923125 0.435 0.01873579545454529 0.022485795454545432
