03 0.5862499999999999 0.31625 0.019983552631578916 0.027483552631578978
14 0.805625 0.7350000000000001 0.02374161073825487 0.017491610738254892
15 0.25875000000000004 0.301875 0.034956896551724126 0.05120689655172417
01 0.8756250000000001 0.785 0.02874444444444435 0.022494444444444373
11 0.849375 0.7793749999999999 0.03623809523809518 0.02623809523809506
03 0.131875 0.864375 0.031242977528089896 0.043742977528089755
14 0.24125 0.8987499999999999 0.0449950980392157 0.032495098039215686
07 0.59125 0.858125 0.032456896551724124 0.046206896551724164
15 0.2725 0.875 0.039978448275862055 0.024978448275862153
00 0.890625 0.250625 0.033636363636363686 0.03363636363636366
09 0.70875 0.45875 0.02498579545454538 0.02498579545454549
08 0.663125 0.296875 0.016249999999999987 0.013719512195122019
20 0.22562500000000002 0.12875 0.02123214285714284 0.022482142857142853
01 0.9875 0.231875 0.012487500000000096 0.011237500000000011
