04 0.5275000000000001 0.73875 0.039983552631578934 0.04248355263157888
05 0.43374999999999997 0.57625 0.03249161073825507 0.04749161073825503
06 0.595 0.759375 0.03495689655172418 0.018706896551724084
14 0.3531236111111111 0.9325000000000001 0.04624722222222222 0.06999444444444436
06 0.63625 0.628125 0.12998809523809518 0.05373809523809514
18 0.754375 0.845 0.028742977528089853 0.029992977528089826
11 0.38687499999999997 0.49625 0.041245098039215666 0.042495098039215695
06 0.955625 0.864375 0.03870689655172421 0.036206896551724155
12 0.48187499999999994 0.365 0.09122844827586202 0.06747844827586208
03 0.43440340909090913 0.05122159090909091 0.06869318181818179 0.047443181818181815
03 0.38375000000000004 0.528125 0.01998579545454543 0.05623579545454549
03 0.596875 0.12125 0.056219512195122 0.03496951219512194
03 0.7150000000000001 0.78 0.022482142857142784 0.05498214285714287
