06 0.6350041118421053 0.7831250000000001 0.05999177631578945 0.0937335526315789
15 0.454375 0.46562499999999996 0.03874161073825505 0.03874161073825505
14 0.0575 0.97375 0.042456896551724146 0.03745689655172413
09 0.198125 0.28875 0.06374444444444444 0.06249444444444441
14 0.746875 0.33375 0.06873809523809504 0.04498809523809527
18 0.88 0.289375 0.024992977528089932 0.028742977528089853
00 0.54375 0.43875 0.04499509803921564 0.029995098039215684
02 0.181875 0.42374999999999996 0.04120689655172413 0.05995689655172415
20 0.64375 0.70375 0.04497844827586217 0.042478448275862224
14 0.88 0.40249999999999997 0.03488636363636366 0.06738636363636358
