03 0.7206250000000001 0.31937499999999996 0.023733552631578836 0.038733552631578905
18 0.8425 0.59125 0.014991610738254946 0.017491610738255114
03 0.948125 0.5575 0.018706896551724084 0.02745689655172412
13 0.350625 0.7518750000000001 0.06624444444444444 0.01874444444444434
06 0.20875 0.588125 0.06498809523809526 0.016238095238095274
02 0.32 0.45625 0.019992977528089817 0.04499297752808984
14 0.303125 0.899375 0.0162450980392157 0.03374509803921566
11 0.715625 0.7 0.018706896551724195 0.02495689655172406
03 0.6287499999999999 0.3375 0.022478448275862095 0.01247844827586203
00 0.393125 0.04375 0.026136363636363624 0.022386363636363628
08 0.653125 0.42625 0.011235795454545339 0.049985795454545456
08 0.60875 0.31437499999999996 0.01746951219512205 0.013719512195121963
07 0.415 0.23312499999999997 0.02498214285714284 0.056232142857142814
03 0.179378125 0.718125 0.021243750000000006 0.023737499999999967
