05 0.8768750000000001 0.71 0.023733552631578836 0.019983552631578916
03 0.8674999999999999 0.754375 0.04499161073825497 0.02374161073825487
12 0.78 0.95625 0.02745689655172412 0.032456896551724124
06 0.61 0.42125 0.02499444444444454 0.009994444444444472
14 0.513125 0.28500000000000003 0.03873809523809524 0.032488095238095316
12 0.283125 0.81 0.023742977528089848 0.04249297752808989
08 0.2525 0.671875 0.029995098039215712 0.038745098039215664
19 0.0675 0.3275 0.007456896551724143 0.012456896551724106
04 0.7106250000000001 0.2425 0.03122844827586213 0.032478448275862076
18 0.681875 0.8225 0.016136363636363726 0.019886363636363757
14 0.968125 0.518125 0.01873579545454529 0.06123579545454544
04 0.575 0.481875 0.027469512195121948 0.023719512195122028
07 0.9262455357142857 0.97125 0.042491071428571336 0.009982142857142828
