03 0.28 0.31562499999999993 0.017483552631579025 0.011233552631578936
10 0.5675 0.599375 0.024991610738255066 0.021241610738255035
03 0.091875 0.133125 0.04870689655172414 0.018706896551724125
08 0.16562499999999997 0.76625 0.03374444444444444 0.037494444444444275
14 0.22249999999999998 0.5137499999999999 0.01248809523809527 0.019988095238095194
03 0.8643767556179776 0.46937324438202244 0.026246488764044895 0.01874648876404489
12 0.400625 0.9393750000000001 0.038745098039215664 0.046245098039215615
08 0.31062500000000004 0.9293750000000001 0.023706896551724144 0.028706896551724204
14 0.055625 0.92125 0.01372844827586206 0.02997844827586227
11 0.6 0.5149999999999999 0.027386363636363598 0.022386363636363593
14 0.465625 0.03125 0.026235795454545463 0.014985795454545457
02 0.35562499999999997 0.9675 0.018719512195121968 0.03246951219512195
12 0.891875 0.8899999999999999 0.026232142857142815 0.039982142857142855
20 0.434375 0.70375 0.011237500000000011 0.009987500000000038
