16 0.598125 0.6031249999999999 0.026233552631578894 0.04123355263157891
03 0.525 0.290625 0.027491610738255012 0.016241610738255086
02 0.6125 0.6412500000000001 0.02495689655172406 0.012456896551724106
04 0.9075 0.14250000000000002 0.022494444444444373 0.014994444444444449
05 0.01625 0.09625 0.017488095238095237 0.027488095238095228
14 0.52125 0.134375 0.03249297752808977 0.026242977528089892
09 0.7949999999999999 0.78 0.01999509803921573 0.0474950980392157
02 0.29625 0.731875 0.06495689655172415 0.03120689655172415
18 0.38625 0.08625 0.017478448275862035 0.01997844827586205
03 0.254375 0.1775 0.011136363636363666 0.022386363636363676
06 0.6243749999999999 0.215625 0.026235795454545463 0.048735795454545455
03 0.830625 0.255625 0.023719512195122028 0.02121951219512197
14 0.756875 0.3125 0.01373214285714286 0.02748214285714279
13 0.6531281250000001 0.390625 0.04374375000000008 0.013737499999999958
