03 0.2375 0.24000000000000002 0.07248355263157899 0.034983552631578985
14 0.855 0.303125 0.05749161073825493 0.023741610738255037
10 0.34875 0.49 0.03995689655172413 0.02245689655172417
13 0.4737513888888889 0.4225 0.08499722222222222 0.05499444444444451
20 0.33187500000000003 0.32999999999999996 0.0437380952380953 0.029988095238095258
05 0.419375 0.11499999999999999 0.043742977528089866 0.039992977528089876
20 0.565625 0.0175 0.03374509803921566 0.02749509803921569
15 0.366875 0.048124999999999994 0.0387068965517241 0.08870689655172413
06 0.6087500000000001 0.209375 0.12497844827586213 0.016228448275862062
03 0.11875000000000001 0.03625 0.04738636363636364 0.01988636363636363
08 0.32125000000000004 0.6812499999999999 0.02998579545454544 0.03248579545454533
