05 0.94125 0.35562499999999997 0.027483552631578867 0.028733552631578896
18 0.13374999999999998 0.25 0.022491610738255036 0.024991610738255066
20 0.126875 0.405625 0.021206896551724128 0.01870689655172414
03 0.07625 0.5193749999999999 0.019994444444444454 0.023744444444444457
09 0.17312500000000003 0.6975 0.038738095238095266 0.03248809523809504
14 0.605 0.625625 0.019992977528089817 0.0312429775280898
18 0.87 0.320625 0.02249509803921579 0.02374509803921565
06 0.389375 0.6375 0.09120689655172415 0.04495689655172408
08 0.5293696120689655 0.3575 0.03873922413793107 0.04497844827586206
03 0.388125 0.30500000000000005 0.04613636363636364 0.03238636363636366
20 0.6399999999999999 0.829375 0.017485795454545427 0.013735795454545285
14 0.12125 0.796875 0.03246951219512194 0.04621951219512188
05 0.65875 0.380625 0.03498214285714274 0.02123214285714281
