06 0.73125 0.5700000000000001 0.039983552631578934 0.02498355263157881
06 0.3431270973154362 0.620625 0.056245805369127544 0.0637416107382549
04 0.46687500000000004 0.12375 0.028706896551724148 0.02745689655172412
00 0.450625 0.775625 0.02124444444444451 0.023744444444444346
02 0.49625 0.7250000000000001 0.0149880952380953 0.04248809523809516
04 0.94 0.180625 0.027492977528089768 0.023742977528089848
12 0.32875 0.1175 0.042495098039215695 0.03999509803921568
03 0.7462500000000001 0.7975 0.04245689655172413 0.039956896551724075
10 0.30874999999999997 0.7068749999999999 0.019978448275862093 0.018728448275862175
15 0.540625 0.3675 0.016136363636363615 0.0323863636363636
03 0.8512500000000001 0.415625 0.019985795454545374 0.03623579545454547
20 0.06125 0.446875 0.014969512195121937 0.01621951219512202
04 0.259375 0.915625 0.026232142857142843 0.026232142857142815
