18 0.639375 0.115625 0.016233552631578885 0.01873355263157893
12 0.49 0.94 0.03249161073825507 0.042491610738254804
02 0.10625 0.276875 0.012456896551724134 0.04870689655172411
13 0.324375 0.2075 0.0737444444444445 0.07749444444444442
06 0.6243749999999999 0.543125 0.026238095238095283 0.01123809523809527
08 0.66625 0.64 0.029992977528089826 0.01749297752808987
03 0.45999999999999996 0.33625 0.012495098039215724 0.022495098039215677
07 0.0675 0.9075 0.017456896551724145 0.029956896551724177
06 0.5162500000000001 0.18375 0.012478448275862086 0.062478448275862075
15 0.701875 0.92 0.02363636363636379 0.019886363636363757
