20 0.52 0.121875 0.037483552631578876 0.028733552631578924
08 0.794375 0.75875 0.106241610738255 0.029991610738254848
13 0.978125 0.1425 0.028706896551724093 0.04245689655172412
14 0.51 0.31875000000000003 0.02499444444444454 0.05999444444444446
06 0.5825029761904761 0.5675 0.04749404761904763 0.05998809523809534
03 0.296875 0.560625 0.03374297752808986 0.028742977528089853
07 0.074375 0.1725 0.09624509803921569 0.032495098039215714
03 0.334375 0.40125 0.041206896551724104 0.05245689655172414
04 0.4425 0.215625 0.039978448275862055 0.028728448275862045
14 0.8500000000000001 0.14 0.03488636363636377 0.06988636363636365
06 0.88375 0.08625000000000001 0.09498579545454533 0.014985795454545453
06 0.049374999999999995 0.5862499999999999 0.06621951219512194 0.027469512195121948
