14 0.924375 0.245 0.0362335526315789 0.029983552631579008
04 0.55375 0.43875 0.01999161073825506 0.014991610738255001
03 0.818125 0.555625 0.0237068965517242 0.03120689655172415
15 0.29500000000000004 0.76625 0.027494444444444432 0.04249444444444439
06 0.35624999999999996 0.76875 0.059988095238095285 0.05748809523809506
06 0.76375 0.6725 0.07999297752808987 0.07999297752808987
03 0.9143749999999999 0.5075 0.028745098039215766 0.02499509803921568
06 0.42126077586206895 0.799375 0.04497844827586206 0.05120689655172417
08 0.8343750000000001 0.84875 0.03872844827586219 0.03497844827586216
03 0.28812499999999996 0.7725 0.011136363636363666 0.029886363636363766
06 0.5293785511363636 0.7537499999999999 0.04624289772727275 0.07248579545454537
20 0.8175 0.350625 0.02496951219512189 0.026219512195121975
