10 0.34687500000000004 0.36875 0.018733552631578887 0.01998355263157886
13 0.07875000000000001 0.558125 0.017491610738255045 0.06124161073825507
06 0.56625 0.303125 0.014956896551724164 0.07120689655172413
03 0.5475 0.7575000000000001 0.02499444444444454 0.014994444444444421
10 0.704375 0.44 0.016238095238095163 0.027488095238095256
20 0.225 0.33625 0.012492977528089866 0.014992977528089813
03 0.05875 0.343125 0.017495098039215694 0.038745098039215664
06 0.266875 0.655 0.06120689655172412 0.04745689655172414
05 0.315625 0.5125 0.028728448275862073 0.014978448275862033
18 0.76625 0.786875 0.012386363636363695 0.016136363636363726
