03 0.22875 0.12687500000000002 0.03748355263157896 0.03623355263157893
03 0.10625 0.12437499999999999 0.04249161073825505 0.04374161073825504
15 0.47624999999999995 0.8225 0.02995689655172412 0.05995689655172409
03 0.958125 0.8425 0.05374444444444437 0.029994444444444324
02 0.586875 0.040624999999999994 0.05373809523809525 0.043738095238095236
06 0.141875 0.241875 0.006242977528089888 0.026242977528089823
13 0.896875 0.30562500000000004 0.056245098039215735 0.12374509803921568
05 0.311875 0.365625 0.01870689655172414 0.03870689655172416
03 0.26 0.590625 0.06747844827586205 0.036228448275862024
03 0.75625 0.7475 0.049886363636363784 0.032386363636363824
10 0.8575 0.43062500000000004 0.027485795454545325 0.018735795454545456
