18 0.47250000000000003 0.220625 0.04748355263157894 0.05123355263157897
11 0.13999999999999999 0.0925 0.07749161073825504 0.04249161073825504
03 0.899375 0.16749999999999998 0.043706896551724106 0.07745689655172414
03 0.40249999999999997 0.22 0.07499444444444453 0.08499444444444443
20 0.14500000000000002 0.12687500000000002 0.07498809523809526 0.06873809523809526
04 0.65375 0.5531250000000001 0.07999297752808976 0.053742977528089875
08 0.58875 0.415 0.034995098039215744 0.03749509803921569
06 0.07749999999999999 0.198125 0.03245689655172414 0.18120689655172414
06 0.68875 0.130625 0.20747844827586215 0.04122844827586207
18 0.37 0.29874999999999996 0.04988636363636356 0.052386363636363675
11 0.5525 0.865 0.05998579545454552 0.044985795454545396
14 0.145625 0.89 0.03871951219512196 0.07246951219512199
