14 0.5425 0.144375 0.05498355263157895 0.03873355263157896
10 0.31062500000000004 0.13124999999999998 0.03874161073825505 0.029991610738255042
03 0.0875 0.91875 0.027456896551724147 0.032456896551724124
07 0.6537499999999999 0.901875 0.03249444444444438 0.06624444444444433
14 0.87375 0.65875 0.03248809523809515 0.03998809523809521
03 0.185 0.94375 0.05999297752808988 0.039992977528089835
01 0.16999999999999998 0.376875 0.0174950980392157 0.0162450980392157
03 0.60875 0.546875 0.06745689655172415 0.07370689655172402
04 0.765625 0.359375 0.036228448275862135 0.028728448275862073
03 0.644375 0.6300000000000001 0.02113636363636373 0.04238636363636361
10 0.56875 0.079375 0.029985795454545494 0.02123579545454546
01 0.138125 0.371875 0.043719512195121935 0.04621951219512199
