03 0.801875 0.96375 0.05873355263157887 0.057483552631578894
03 0.675 0.27249999999999996 0.024991610738254955 0.05999161073825504
00 0.781875 0.753125 0.026206896551724146 0.02120689655172414
13 0.181875 0.115625 0.03624444444444444 0.07624444444444445
03 0.703125 0.179375 0.04623809523809519 0.03123809523809526
04 0.9706250000000001 0.360625 0.0212429775280899 0.031242977528089855
20 0.414375 0.5706249999999999 0.038745098039215664 0.03374509803921566
20 0.530625 0.12125 0.0237068965517242 0.01745689655172411
02 0.030625 0.555625 0.013728448275862074 0.036228448275862024
01 0.49125 0.014374999999999999 0.0323863636363636 0.021136363636363634
03 0.29312499999999997 0.36 0.0737357954545455 0.09498579545454544
