08 0.343125 0.5075 0.06623355263157898 0.05498355263157889
03 0.54125 0.7050000000000001 0.024991610738255066 0.049991610738254866
03 0.363125 0.61375 0.13120689655172413 0.03745689655172413
17 0.9450000000000001 0.04875 0.057494444444444404 0.05999444444444444
18 0.56875 0.9425 0.029988095238095314 0.03248809523809504
01 0.8131250000000001 0.14875 0.03374297752808986 0.0199929775280899
01 0.6475 0.34687500000000004 0.04999509803921576 0.051245098039215675
04 0.121875 0.155625 0.043706896551724134 0.043706896551724134
20 0.210625 0.871875 0.04622844827586206 0.028728448275862184
07 0.271875 0.48062499999999997 0.06613636363636363 0.023636363636363622
03 0.75125 0.26 0.062485795454545356 0.06498579545454544
