02 0.5862499999999999 0.38375 0.01748355263157897 0.019983552631578916
07 0.7137520973154363 0.66125 0.017495805369127537 0.02999161073825496
03 0.785625 0.476875 0.0237068965517242 0.02120689655172414
04 0.491875 0.07375000000000001 0.016244444444444506 0.019994444444444454
11 0.265 0.18875 0.01998809523809525 0.014988095238095245
15 0.6287499999999999 0.469375 0.014992977528089813 0.01374297752808984
08 0.08062377450980393 0.93625 0.016247549019607857 0.017495098039215673
04 0.84375 0.6675 0.022456896551724226 0.01745689655172411
03 0.088125 0.8325 0.021228448275862066 0.02747844827586221
07 0.9000284090909091 0.1274715909090909 0.022443181818181834 0.029943181818181827
