03 0.904375 0.32187499999999997 0.026233552631578894 0.033733552631578956
20 0.2725 0.5225 0.01999161073825506 0.017491610738255114
09 0.40625 0.093125 0.024956896551724173 0.026206896551724118
11 0.0825 0.604375 0.029994444444444462 0.026244444444444515
01 0.301875 0.41375 0.013738095238095271 0.012488095238095243
20 0.6725000000000001 0.426875 0.022492977528089875 0.023742977528089848
19 0.29 0.358125 0.03749509803921569 0.026245098039215653
20 0.464375 0.335625 0.01870689655172414 0.016206896551724137
14 0.11125 0.295625 0.019978448275862065 0.013728448275862115
20 0.701875 0.23375 0.026136363636363735 0.02488636363636368
03 0.046875 0.11375 0.04623579545454545 0.052485795454545486
06 0.959375 0.33125000000000004 0.02121951219512197 0.017469512195121994
01 0.395 0.27125 0.027482142857142844 0.029982142857142846
