14 0.871875 0.6487499999999999 0.031233552631578898 0.022483552631578863
12 0.8887499999999999 0.783125 0.0274916107382549 0.031241610738254932
04 0.045625 0.47125 0.02870689655172414 0.022456896551724115
08 0.18375 0.436875 0.029994444444444435 0.013744444444444504
02 0.899375 0.6299999999999999 0.03623809523809507 0.03248809523809515
01 0.5687500000000001 0.5218750000000001 0.022492977528089875 0.023742977528089848
03 0.139375 0.8431249999999999 0.0962450980392157 0.0837450980392157
01 0.893125 0.2175 0.023706896551724088 0.01745689655172411
14 0.476875 0.495 0.02372844827586207 0.03247844827586205
18 0.58625 0.42625 0.01738636363636359 0.01988636363636359
12 0.550625 0.49375 0.031235795454545467 0.032485795454545496
03 0.78625 0.21125 0.029969512195122006 0.027469512195121976
