06 0.808125 0.723125 0.01123355263157888 0.06373355263157887
08 0.65 0.880625 0.009991610738254941 0.021241610738254924
01 0.535625 0.941875 0.011206896551724133 0.008706896551724075
11 0.341875 0.653125 0.02124444444444451 0.016244444444444395
14 0.39375000000000004 0.3725 0.04498809523809527 0.02498809523809531
10 0.946875 0.311875 0.016242977528089897 0.01624297752808984
15 0.9225 0.464375 0.03749509803921569 0.0162450980392157
10 0.091875 0.936875 0.016206896551724137 0.016206896551724137
03 0.448125 0.316875 0.028728448275862073 0.03372844827586208
03 0.36125 0.6825 0.0323863636363636 0.03238636363636371
13 0.713125 0.164375 0.08873579545454535 0.041235795454545476
10 0.5725 0.760625 0.01746951219512205 0.016219512195122077
02 0.72875 0.8218749999999999 0.02748214285714279 0.018732142857142864
04 0.70875 0.244375 0.0174875000000001 0.013737499999999986
