06 0.444375 0.8581208881578948 0.11373355263157892 0.05374177631578936
19 0.1225 0.505 0.024991610738255052 0.019991610738255006
13 0.448125 0.533125 0.15120689655172415 0.04870689655172411
06 0.2325 0.391875 0.042494444444444446 0.0712444444444445
04 0.69 0.861875 0.03998809523809521 0.03373809523809512
14 0.5081249999999999 0.048125 0.036242977528089804 0.04124297752808989
18 0.426875 0.53625 0.03374509803921566 0.03749509803921569
04 0.90625 0.9456249999999999 0.04245689655172402 0.03870689655172421
10 0.588125 0.36 0.036228448275862135 0.027478448275862044
02 0.85875 0.33062499999999995 0.07238636363636375 0.08613636363636362
11 0.125 0.578125 0.044985795454545466 0.033735795454545414
18 0.746875 0.32562500000000005 0.03121951219512198 0.03371951219512198
08 0.18 0.694375 0.02248214285714284 0.06623214285714285
