20 0.19687500000000002 0.14875 0.016233552631578968 0.012483552631578937
11 0.715625 0.135 0.026241610738254928 0.019991610738255033
06 0.8512607758620689 0.7931250000000001 0.04747844827586212 0.008706896551724186
10 0.921875 0.19625 0.018744444444444452 0.01249444444444442
05 0.4675 0.466875 0.012488095238095298 0.026238095238095283
03 0.8275 0.77625 0.02749297752808988 0.029992977528089826
06 0.320625 0.846875 0.038745098039215664 0.06374509803921569
04 0.858125 0.8225 0.023706896551724088 0.019956896551724057
11 0.6675 0.1775 0.024978448275862153 0.019978448275862065
14 0.5137499999999999 0.26375 0.019886363636363646 0.019886363636363646
03 0.21000000000000002 0.42000000000000004 0.019985795454545457 0.012485795454545479
00 0.709375 0.40125 0.023719512195121917 0.014969512195121992
