07 0.18 0.151875 0.05248355263157897 0.05123355263157897
03 0.78125 0.86625 0.022491610738254897 0.029991610738254848
13 0.326875 0.15625 0.023706896551724144 0.03995689655172413
03 0.06125 0.930625 0.012494444444444447 0.02874444444444435
07 0.878125 0.06625 0.04623809523809508 0.014988095238095231
06 0.3775 0.175 0.01749297752808987 0.029992977528089854
06 0.27249999999999996 0.025625000000000002 0.01749509803921573 0.023745098039215692
01 0.28125 0.870625 0.02745689655172412 0.016206896551724137
03 0.0625 0.04375 0.017478448275862063 0.05497844827586207
12 0.869375 0.936875 0.06613636363636366 0.028636363636363793
03 0.785625 0.29625 0.0762357954545454 0.022485795454545487
03 0.161875 0.6881250000000001 0.02871951219512195 0.03621951219512198
00 0.94 0.2075 0.022482142857142784 0.019982142857142837
04 0.821875 0.366875 0.033737499999999976 0.026237500000000025
