03 0.206875 0.94625 0.03873355263157896 0.02498355263157892
20 0.94375 0.7518750000000001 0.042491610738254915 0.028741610738254875
04 0.39437500000000003 0.30374999999999996 0.03870689655172416 0.03995689655172413
18 0.9550000000000001 0.784375 0.037494444444444386 0.041244444444444306
03 0.468125 0.31625000000000003 0.07873809523809522 0.05248809523809522
03 0.6331249999999999 0.62375 0.03124297752808991 0.03499297752808983
03 0.879375 0.5318750000000001 0.02624509803921571 0.04374509803921567
08 0.95 0.559375 0.039956896551724186 0.053706896551724115
01 0.5974999999999999 0.05312499999999999 0.03497844827586205 0.031228448275862068
08 0.0975 0.19187500000000002 0.019886363636363633 0.06113636363636368
10 0.078125 0.39875 0.048735795454545455 0.04248579545454545
04 0.370625 0.8318749999999999 0.048719512195121994 0.04871951219512194
