13 0.8262499999999999 0.5449999999999999 0.05248355263157889 0.019983552631578916
03 0.933125 0.084375 0.02374161073825487 0.031241610738255043
06 0.32563577586206893 0.370625 0.06372844827586205 0.026206896551724146
15 0.188125 0.410625 0.016244444444444422 0.04374444444444453
06 0.20062202380952382 0.360625 0.03874404761904765 0.06373809523809532
18 0.40312499999999996 0.133125 0.01624297752808984 0.018742977528089885
18 0.936875 0.884375 0.0162450980392157 0.018745098039215646
07 0.11499999999999999 0.5575 0.04745689655172412 0.04745689655172414
10 0.548125 0.16125 0.018728448275862064 0.01497844827586206
06 0.8162499999999999 0.275625 0.024886363636363762 0.011136363636363666
12 0.119375 0.14 0.05623579545454546 0.05998579545454548
