03 0.5 0.85375 0.017483552631578858 0.05248355263157889
20 0.5293749999999999 0.760625 0.028741610738255097 0.028741610738254986
14 0.470625 0.4025 0.03120689655172415 0.032456896551724124
08 0.890625 0.4325 0.06624444444444433 0.014994444444444532
10 0.504375 0.036250000000000004 0.02873809523809534 0.029988095238095237
06 0.05437500000000001 0.275625 0.061242977528089895 0.10874297752808984
12 0.7581249999999999 0.205625 0.038745098039215775 0.041245098039215694
20 0.6756249999999999 0.65125 0.023706896551724088 0.024956896551724173
12 0.6475 0.5587500000000001 0.032478448275862104 0.04247844827586211
03 0.768125 0.715625 0.0336363636363638 0.03113636363636374
12 0.9650000000000001 0.76125 0.034985795454545277 0.037485795454545334
01 0.15125 0.28125 0.01746951219512194 0.019969512195121997
18 0.6287499999999999 0.40812499999999996 0.022482142857142784 0.023732142857142813
