17 0.471875 0.219375 0.04123355263157891 0.04373355263157899
18 0.54 0.65375 0.022491610738255008 0.024991610738254955
03 0.08000000000000002 0.514375 0.09495689655172415 0.02120689655172414
20 0.318125 0.546875 0.02874444444444446 0.0212444444444444
01 0.21625 0.770625 0.01998809523809525 0.013738095238095216
13 0.735625 0.825 0.036242977528089804 0.0674929775280898
00 0.199375 0.69 0.02874509803921571 0.022495098039215677
01 0.7675000000000001 0.09187500000000001 0.02495689655172406 0.02370689655172413
03 0.744375 0.045625 0.026228448275862126 0.051228448275862065
20 0.23375 0.56 0.032386363636363685 0.022386363636363593
08 0.5975 0.29625 0.019985795454545485 0.02498579545454549
14 0.808125 0.2375 0.013719512195121908 0.029969512195121978
20 0.0925 0.5525 0.012482142857142858 0.014982142857142833
03 0.278125 0.92875 0.04873749999999999 0.027487499999999998
