07 0.8374999999999999 0.474375 0.0724835526315789 0.013733552631578938
17 0.12375 0.144375 0.027491610738255054 0.031241610738255043
13 0.18062499999999998 0.244375 0.09620689655172412 0.12120689655172412
02 0.045 0.375625 0.03749444444444444 0.026244444444444515
03 0.8 0.68375 0.034988095238095096 0.05998809523809512
20 0.5875 0.7737499999999999 0.019992977528089817 0.019992977528089928
08 0.755625 0.208125 0.03374509803921577 0.061245098039215684
15 0.29874999999999996 0.415625 0.019956896551724113 0.04370689655172416
12 0.4125 0.08499999999999999 0.029978448275862102 0.034978448275862065
04 0.67625 0.28812499999999996 0.03238636363636371 0.03613636363636369
