18 0.396875 0.9081250000000001 0.028733552631578896 0.031233552631578898
06 0.416875 0.3075 0.05874161073825501 0.15749161073825502
09 0.110625 0.186875 0.05870689655172412 0.08120689655172411
05 0.888125 0.7175 0.051244444444444315 0.04499444444444434
12 0.78375 0.283125 0.04998809523809522 0.04873809523809525
10 0.483125 0.4725 0.06124297752808988 0.06499297752808986
14 0.6599999999999999 0.486875 0.03999509803921575 0.05374509803921568
14 0.89375 0.57125 0.02745689655172412 0.04495689655172408
19 0.564375 0.32437499999999997 0.061228448275862046 0.058728448275862044
05 0.4325 0.544375 0.05238636363636362 0.028636363636363682
04 0.725 0.879375 0.04998579545454529 0.03873579545454531
