08 0.7375 0.185 0.02498355263157892 0.022483552631578974
03 0.56 0.659375 0.04499161073825497 0.026241610738254928
03 0.8825 0.369375 0.03745689655172413 0.0337068965517241
15 0.71 0.630625 0.009994444444444306 0.026244444444444404
05 0.296875 0.696875 0.01873809523809522 0.03623809523809518
20 0.211875 0.88875 0.021242977528089846 0.01749297752808987
03 0.5800000000000001 0.5025 0.03499509803921563 0.032495098039215686
07 0.23873922413793103 0.136875 0.027478448275862072 0.031206896551724136
10 0.876875 0.6356250000000001 0.02372844827586218 0.02372844827586207
02 0.155 0.9081250000000001 0.02488636363636365 0.026136363636363735
12 0.764375 0.7475 0.026235795454545352 0.029985795454545383
