18 0.865 0.5675 0.02498355263157892 0.027483552631578867
04 0.35125 0.65625 0.034991610738255075 0.01999161073825495
14 0.5293749999999999 0.66875 0.023706896551724088 0.06245689655172415
04 0.9225 0.33125000000000004 0.037494444444444275 0.024994444444444486
20 0.961875 0.5900000000000001 0.01873809523809511 0.0149880952380953
12 0.736875 0.24875 0.043742977528089866 0.062492977528089855
14 0.89375 0.76375 0.052495098039215704 0.0474950980392157
02 0.43375 0.3775 0.03745689655172413 0.03745689655172413
11 0.07500000000000001 0.14250000000000002 0.03997844827586207 0.022478448275862067
10 0.59125 0.4125 0.0323863636363636 0.034886363636363604
03 0.114375 0.11937500000000001 0.021235795454545472 0.03123579545454548
01 0.5387500000000001 0.37875000000000003 0.022469512195122054 0.022469512195122
10 0.309375 0.815 0.026232142857142815 0.0274821428571429
