11 0.65125 0.74 0.027483552631578867 0.019983552631578916
01 0.533125 0.910625 0.01624161073825503 0.013741610738254861
14 0.7749999999999999 0.15375 0.032456896551724124 0.02995689655172412
13 0.49375 0.37812500000000004 0.11249444444444451 0.0662444444444445
06 0.1975029761904762 0.875625 0.004994047619047648 0.09373809523809506
00 0.97875 0.123125 0.01749297752808987 0.01874297752808987
06 0.32375 0.29874999999999996 0.042495098039215695 0.009995098039215666
14 0.499375 0.7818750000000001 0.021206896551724086 0.03120689655172415
14 0.20124999999999998 0.5562499999999999 0.029978448275862074 0.022478448275862095
10 0.110625 0.775 0.01863636363636363 0.019886363636363757
11 0.033125 0.413125 0.02123579545454545 0.016235795454545454
03 0.835 0.7693749999999999 0.029969512195122006 0.013719512195122019
06 0.645625 0.549375 0.026232142857142815 0.04873214285714289
03 0.7875 0.685 0.022487499999999994 0.014987500000000042
