14 0.34375 0.04 0.019983552631578916 0.017483552631578955
04 0.8275 0.2575 0.01999161073825495 0.01999161073825506
15 0.36312500000000003 0.38187499999999996 0.00870689655172413 0.023706896551724144
08 0.23375 0.8687499999999999 0.014994444444444449 0.017494444444444368
15 0.311875 0.790625 0.031238095238095287 0.01873809523809511
07 0.6018767556179776 0.959375 0.02374648876404495 0.0312429775280898
19 0.161875 0.06 0.018745098039215674 0.017495098039215694
03 0.83375 0.705625 0.022456896551724115 0.018706896551724195
06 0.426875 0.139375 0.03872844827586208 0.07372844827586206
04 0.0675 0.333125 0.022386363636363635 0.02113636363636362
18 0.8731249999999999 0.11124999999999999 0.013735795454545285 0.014985795454545467
06 0.49624999999999997 0.794375 0.01996951219512194 0.013719512195122019
08 0.6437544642857143 0.045625 0.027491071428571434 0.023732142857142854
