03 0.450625 0.7181249999999999 0.023733552631578947 0.061233552631578925
14 0.8225 0.6793750000000001 0.024991610738254844 0.03124161073825482
08 0.9575 0.5193749999999999 0.019956896551724057 0.053706896551724115
13 0.730625 0.5606249999999999 0.12624444444444438 0.07124444444444455
20 0.15375 0.665 0.03998809523809524 0.027488095238095145
03 0.27749999999999997 0.258125 0.027492977528089824 0.09124297752808985
03 0.35562499999999997 0.7024999999999999 0.031245098039215657 0.08499509803921568
10 0.22 0.7737499999999999 0.022456896551724115 0.01745689655172422
06 0.7949999999999999 0.6249946120689656 0.08747844827586226 0.06498922413793107
09 0.033124999999999995 0.36 0.05613636363636363 0.037386363636363606
13 0.144375 0.25875 0.05623579545454545 0.07248579545454545
03 0.09875 0.041874999999999996 0.11246951219512194 0.07121951219512195
05 0.081875 0.268125 0.02623214285714287 0.058732142857142816
