03 0.144375 0.5943750000000001 0.013733552631578938 0.04123355263157891
14 0.095 0.34562499999999996 0.032491610738255045 0.03874161073825505
10 0.8175 0.01375 0.022456896551724226 0.024956896551724138
14 0.850625 0.771875 0.01874444444444434 0.043744444444444364
08 0.0975 0.80875 0.012488095238095229 0.0399880952380951
08 0.410625 0.489375 0.03624297752808986 0.03874297752808986
01 0.62875 0.453125 0.014995098039215726 0.011245098039215695
06 0.62 0.724375 0.05995689655172409 0.01370689655172419
07 0.738125 0.22625 0.02372844827586218 0.04497844827586206
00 0.109375 0.475 0.028636363636363626 0.0323863636363636
05 0.40624644886363637 0.11499999999999999 0.03999289772727277 0.022485795454545474
12 0.35625 0.845 0.03746951219512196 0.04996951219512202
03 0.17375 0.085625 0.07748214285714283 0.11873214285714286
15 0.620625 0.30562500000000004 0.023737499999999967 0.028737500000000027
