05 0.7481249999999999 0.42000000000000004 0.013733552631578827 0.034983552631578874
12 0.62 0.953125 0.02999161073825496 0.028741610738254986
10 0.311875 0.474375 0.02120689655172414 0.013706896551724135
13 0.21875 0.4275 0.059994444444444406 0.08249444444444448
15 0.155625 0.955625 0.03123809523809526 0.02623809523809506
12 0.8374999999999999 0.37625 0.032492977528089884 0.03249297752808983
00 0.4525 0.715625 0.017495098039215673 0.018745098039215757
03 0.6581250000000001 0.7793749999999999 0.023706896551724088 0.01370689655172408
07 0.6025 0.864375 0.01747844827586209 0.036228448275862135
08 0.3387784090909091 0.065 0.019943181818181777 0.037386363636363634
01 0.40375 0.080625 0.022485795454545432 0.02373579545454546
03 0.228125 0.016875 0.03371951219512198 0.02371951219512195
03 0.344375 0.798125 0.028732142857142817 0.02373214285714287
