08 0.0325 0.406875 0.03998355263157895 0.038733552631578905
20 0.36312500000000003 0.5743750000000001 0.02874161073825504 0.021241610738255035
14 0.0475 0.0725 0.05245689655172414 0.03495689655172413
18 0.755 0.328125 0.029994444444444435 0.033744444444444466
17 0.971875 0.7706249999999999 0.048738095238095136 0.04373809523809513
08 0.85625 0.41000000000000003 0.029992977528089937 0.05749297752808985
10 0.6525000000000001 0.7675000000000001 0.032495098039215686 0.022495098039215677
13 0.60625 0.630625 0.1124568965517242 0.07370689655172413
09 0.38125 0.29374999999999996 0.0974784482758621 0.062478448275862075
10 0.031249999999999997 0.20500000000000002 0.03238636363636363 0.02488636363636368
20 0.818125 0.704375 0.021235795454545237 0.01873579545454529
06 0.033125 0.185 0.04371951219512195 0.022469512195122
07 0.805625 0.411875 0.09123214285714287 0.05373214285714284
20 0.9325000000000001 0.08625000000000001 0.03748750000000001 0.024987499999999996
