11 0.395625 0.265625 0.026233552631578894 0.021233552631579
06 0.8325 0.354375 0.02999161073825496 0.08624161073825509
03 0.69 0.5306249999999999 0.014956896551724053 0.02120689655172414
10 0.8981250000000001 0.6 0.021244444444444288 0.01749444444444448
09 0.738125 0.52375 0.02623809523809517 0.03248809523809526
08 0.598125 0.055625 0.016242977528089897 0.031242977528089896
03 0.113125 0.540625 0.036245098039215676 0.046245098039215726
07 0.9824999999999999 0.6175 0.032456896551724124 0.03745689655172413
04 0.835 0.4625 0.02747844827586221 0.03247844827586205
03 0.60875 0.101875 0.027386363636363598 0.031136363636363643
14 0.236875 0.505 0.038735795454545446 0.03248579545454544
