13 0.22687911184210524 0.22312500000000002 0.048741776315789465 0.04123355263157899
13 0.77125 0.5349999999999999 0.07499161073825489 0.02999161073825507
03 0.9256249999999999 0.304375 0.023706896551724088 0.04120689655172416
19 0.320625 0.2925 0.023744444444444457 0.02499444444444443
13 0.1525 0.2 0.02248809523809525 0.06248809523809526
04 0.059375 0.80875 0.031242977528089882 0.019992977528089817
08 0.530625 0.13125 0.023745098039215762 0.017495098039215687
14 0.13874999999999998 0.52125 0.01995689655172414 0.0699568965517241
07 0.4474946120689655 0.349375 0.03248922413793098 0.018728448275862064
09 0.053125000000000006 0.255 0.02613636363636363 0.022386363636363704
14 0.75 0.2875 0.04248579545454523 0.022485795454545487
