07 0.05625411184210527 0.869375 0.07999177631578948 0.07373355263157899
01 0.375625 0.1275 0.02624161073825504 0.01999161073825506
20 0.72 0.1675 0.04245689655172413 0.044956896551724135
19 0.848125 0.289375 0.04124444444444442 0.033744444444444466
02 0.513125 0.78125 0.026238095238095283 0.044988095238095216
14 0.725625 0.545625 0.061242977528089826 0.0312429775280898
10 0.573125 0.66625 0.038745098039215664 0.04499509803921575
06 0.1025 0.643739224137931 0.12745689655172412 0.08247844827586204
19 0.40437500000000004 0.7175 0.02622844827586207 0.042478448275862224
06 0.715625 0.348125 0.03863636363636369 0.10613636363636364
