14 0.194375 0.8043750000000001 0.06373355263157898 0.04873355263157897
07 0.2475 0.550625 0.11499161073825503 0.11874161073825507
20 0.125 0.6793750000000001 0.032456896551724124 0.028706896551724204
01 0.725625 0.8725 0.041244444444444306 0.03999444444444433
01 0.15125000000000002 0.52875 0.07998809523809526 0.04998809523809522
04 0.28625 0.474375 0.049992977528089844 0.028742977528089853
02 0.44375 0.614375 0.09249509803921568 0.05124509803921562
00 0.93875 0.6825 0.057456896551724146 0.0549568965517242
03 0.06125 0.25187499999999996 0.04747844827586207 0.06872844827586205
03 0.09562499999999999 0.43 0.04863636363636363 0.057386363636363624
04 0.8275 0.7424999999999999 0.062485795454545245 0.03998579545454539
13 0.16125 0.424375 0.047469512195121966 0.21121951219512203
06 0.8925000000000001 0.45125000000000004 0.08498214285714278 0.07998214285714284
