00 0.42375 0.106875 0.02498355263157892 0.023733552631578947
04 0.593125 0.1625 0.023741610738255092 0.01749161073825506
13 0.140625 0.7175 0.013706896551724135 0.014956896551724164
10 0.26249999999999996 0.915625 0.022494444444444428 0.013744444444444337
19 0.031875 0.6399999999999999 0.016238095238095232 0.019988095238095194
09 0.479375 0.635 0.01374297752808984 0.022492977528089764
11 0.33125 0.570625 0.017495098039215673 0.0162450980392157
11 0.61375 0.5943750000000001 0.022456896551724115 0.02120689655172414
01 0.685 0.25875000000000004 0.014978448275862255 0.017478448275862035
03 0.095 0.604375 0.022386363636363635 0.016136363636363615
10 0.11499999999999999 0.38125 0.014985795454545467 0.017485795454545483
06 0.89125 0.8275 0.019969512195121997 0.01746951219512205
07 0.6525000000000001 0.895625 0.049982142857142864 0.02373214285714287
03 0.755625 0.545625 0.016237500000000016 0.026237500000000025
