04 0.06874999999999999 0.385 0.027483552631578943 0.02498355263157892
03 0.16312500000000002 0.88 0.016241610738255058 0.059991610738254986
20 0.133125 0.7675 0.031206896551724136 0.02745689655172412
04 0.609375 0.106875 0.031244444444444408 0.02874444444444446
09 0.43374999999999997 0.25312500000000004 0.032488095238095316 0.02373809523809528
07 0.043125 0.7375 0.03874297752808989 0.06249297752808991
14 0.799375 0.12625 0.021245098039215704 0.01999509803921569
00 0.93625 0.48062499999999997 0.032456896551724124 0.02620689655172409
06 0.584375 0.89375 0.008728448275862055 0.08747844827586226
20 0.7975 0.185 0.01738636363636381 0.01488636363636367
