13 0.5700000000000001 0.7275 0.13248355263157896 0.057483552631578894
03 0.24 0.30874999999999997 0.014991610738255057 0.07499161073825505
04 0.25375000000000003 0.933125 0.024956896551724117 0.018706896551724084
12 0.708125 0.35625 0.04124444444444442 0.057494444444444515
07 0.9668749999999999 0.818125 0.01623809523809505 0.028738095238095118
03 0.27125 0.029375 0.012492977528089866 0.028742977528089887
11 0.259375 0.550625 0.028745098039215683 0.02624509803921571
20 0.423125 0.624375 0.021206896551724086 0.0237068965517242
08 0.14625 0.09749461206896551 0.022478448275862067 0.03498922413793103
04 0.481875 0.40812499999999996 0.018636363636363562 0.018636363636363618
03 0.65 0.1375 0.017485795454545316 0.054985795454545475
08 0.42625 0.775625 0.014969512195121992 0.033719512195121926
09 0.683125 0.05125 0.02373214285714287 0.01998214285714285
08 0.98 0.106875 0.027487499999999998 0.016237500000000016
