09 0.5562499999999999 0.71 0.04248355263157888 0.039983552631578934
10 0.24562499999999998 0.445 0.021241610738255035 0.01999161073825506
06 0.43374999999999997 0.01875 0.014956896551724108 0.037456896551724135
06 0.8187500000000001 0.81375 0.037494444444444386 0.06999444444444436
14 0.481875 0.027499999999999997 0.031238095238095287 0.027488095238095235
03 0.865 0.47 0.01749297752808987 0.03249297752808983
06 0.276875 0.076875 0.02624509803921571 0.008745098039215693
03 0.17686422413793101 0.78875 0.03372844827586205 0.03745689655172413
07 0.356875 0.400625 0.01372844827586206 0.03872844827586208
13 0.061875 0.075 0.04113636363636364 0.044886363636363634
12 0.06875 0.254375 0.04248579545454546 0.03373579545454547
14 0.674375 0.52625 0.03871951219512193 0.03246951219512195
