08 0.905625 0.7275 0.016233552631578885 0.027483552631578867
06 0.5643770973154363 0.39 0.016245805369127564 0.02999161073825507
02 0.28874999999999995 0.481875 0.024956896551724117 0.023706896551724088
03 0.8925000000000001 0.496875 0.014994444444444421 0.02124444444444451
02 0.89375 0.588125 0.03748809523809504 0.03873809523809535
03 0.184375 0.941875 0.03374297752808986 0.043742977528089866
12 0.384375 0.5249999999999999 0.033745098039215715 0.032495098039215686
13 0.8512500000000001 0.2525 0.01745689655172422 0.06495689655172412
03 0.580625 0.9906250000000001 0.01372844827586206 0.018728448275862175
03 0.923125 0.5306249999999999 0.018636363636363784 0.011136363636363611
05 0.275 0.044375 0.012485795454545479 0.02123579545454546
03 0.6375 0.35750000000000004 0.014969512195121992 0.04996951219512197
01 0.6074999999999999 0.09625 0.01748214285714289 0.017482142857142863
