14 0.584375 0.723125 0.02873355263157884 0.023733552631578947
15 0.5475 0.380625 0.034991610738255075 0.023741610738255037
10 0.603125 0.885625 0.01370689655172419 0.016206896551724137
18 0.899375 0.400625 0.013744444444444337 0.016244444444444506
20 0.30625 0.518125 0.024988095238095254 0.026238095238095283
12 0.6287499999999999 0.169375 0.022492977528089875 0.041242977528089864
04 0.24812499999999998 0.403125 0.016245098039215672 0.021245098039215704
20 0.08812500000000001 0.614375 0.016206896551724123 0.018706896551724084
03 0.66625 0.8275 0.01997844827586226 0.012478448275862197
10 0.136875 0.47062499999999996 0.026136363636363624 0.018636363636363618
