10 0.78375 0.35875 0.019983552631578916 0.022483552631578918
13 0.9625 0.555625 0.042491610738254915 0.08124161073825509
18 0.305 0.55125 0.014956896551724164 0.01745689655172411
18 0.50625 0.618125 0.01749444444444448 0.018744444444444563
08 0.348125 0.765 0.021238095238095278 0.04248809523809505
02 0.8937517556179775 0.204375 0.022496488764044975 0.008742977528089835
07 0.040625 0.64625 0.011245098039215681 0.03749509803921569
03 0.72375 0.294375 0.019956896551724057 0.02120689655172414
09 0.096875 0.5275 0.021228448275862066 0.019978448275862037
00 0.135625 0.545625 0.02113636363636362 0.016136363636363615
07 0.7987500000000001 0.32125000000000004 0.009985795454545365 0.027485795454545492
06 0.49624999999999997 0.424375 0.012469512195121935 0.08121951219512202
