18 0.035625000000000004 0.848125 0.04623355263157895 0.04873355263157886
05 0.27125 0.41125 0.07249161073825505 0.07249161073825505
04 0.59375 0.150625 0.08245689655172406 0.06620689655172414
19 0.263125 0.8868750000000001 0.06874444444444441 0.0787444444444444
03 0.44125000000000003 0.79375 0.032488095238095316 0.07248809523809518
03 0.9450000000000001 0.556875 0.0524929775280899 0.06374297752808977
15 0.44125000000000003 0.52625 0.06999509803921572 0.08499509803921573
11 0.195625 0.32 0.07120689655172413 0.05495689655172409
19 0.1375 0.66125 0.07247844827586206 0.07997844827586209
06 0.7831250000000001 0.784375 0.2111363636363638 0.06363636363636382
13 0.729375 0.53875 0.10623579545454542 0.36998579545454535
03 0.8875 0.65625 0.06996951219512193 0.18996951219512193
07 0.301875 0.326875 0.11373214285714284 0.09123214285714282
04 0.481875 0.311875 0.0587375 0.04873749999999999
