01 0.923125 0.36125 0.03873355263157885 0.029983552631578925
03 0.379375 0.875 0.018741610738255032 0.07249161073825494
04 0.58875 0.439375 0.029956896551724066 0.03120689655172415
12 0.30375 0.239375 0.07499444444444447 0.04374444444444439
03 0.585 0.9768749999999999 0.03248809523809526 0.04373809523809513
05 0.5225 0.205625 0.03749297752808989 0.04624297752808987
04 0.32499999999999996 0.814375 0.03999509803921569 0.02624509803921571
20 0.49062500000000003 0.8574999999999999 0.03120689655172415 0.029956896551724177
20 0.586875 0.100625 0.026228448275862015 0.018728448275862064
12 0.241875 0.58375 0.0486363636363637 0.06738636363636363
01 0.036875 0.224375 0.06123579545454545 0.04373579545454545
18 0.028749999999999998 0.6375 0.024969512195121946 0.027469512195121948
03 0.176875 0.700625 0.03373214285714282 0.05123214285714284
03 0.040624999999999994 0.80125 0.053737499999999994 0.04498749999999996
