04 0.6968749999999999 0.18625 0.031233552631578898 0.022483552631578974
15 0.858125 0.39125 0.0587416107382549 0.02999161073825507
05 0.754375 0.209375 0.043706896551724106 0.02120689655172414
05 0.701875 0.5825 0.033744444444444355 0.03249444444444449
06 0.645 0.495 0.10498809523809516 0.014988095238095245
12 0.534375 0.594375 0.07624297752808984 0.05624297752808993
11 0.49625 0.21375 0.03999509803921575 0.032495098039215686
15 0.6112500000000001 0.4125 0.03495689655172407 0.032456896551724124
03 0.5825 0.031875 0.029978448275862046 0.05372844827586207
18 0.18875 0.468125 0.02488636363636365 0.026136363636363624
04 0.5225 0.5349999999999999 0.037485795454545445 0.0349857954545455
