04 0.7637499999999999 0.18937500000000002 0.039983552631578934 0.04123355263157899
18 0.07875 0.7887500000000001 0.02749161073825504 0.029991610738254848
15 0.935 0.205 0.01745689655172422 0.034956896551724126
06 0.57875 0.14937499999999998 0.057494444444444515 0.08124444444444444
15 0.208125 0.49062500000000003 0.08123809523809528 0.03623809523809529
20 0.6425000000000001 0.779375 0.04249297752808989 0.03874297752808986
06 0.8400000000000001 0.7224999999999999 0.03499509803921563 0.09249509803921574
05 0.62 0.09999999999999999 0.022456896551724226 0.044956896551724135
05 0.14125000000000001 0.47562499999999996 0.03997844827586207 0.02622844827586207
00 0.5700000000000001 0.958125 0.029886363636363655 0.028636363636363793
19 0.235625 0.8987499999999999 0.038735795454545474 0.019985795454545374
08 0.8225 0.405 0.05496951219512192 0.01246951219512199
