18 0.65 0.49124999999999996 0.014983552631578911 0.017483552631578914
03 0.6743770973154364 0.860625 0.021245805369127457 0.018741610738254866
10 0.42125 0.77375 0.02745689655172412 0.02745689655172412
08 0.49375 0.689375 0.02999444444444449 0.013744444444444337
07 0.47874702380952383 0.87 0.05499404761904764 0.027488095238095145
03 0.6768749999999999 0.73875 0.03374297752808986 0.01749297752808987
08 0.725625 0.133125 0.04374509803921567 0.02124509803921569
04 0.5618749999999999 0.20875 0.03120689655172415 0.02995689655172412
03 0.019375000000000003 0.18625000000000003 0.023728448275862072 0.019978448275862065
07 0.138125 0.9768749999999999 0.04613636363636367 0.018636363636363673
04 0.8131214488636364 0.625 0.02374289772727267 0.01748579545454554
00 0.6725 0.8925000000000001 0.01746951219512205 0.014969512195121992
08 0.84125 0.28 0.01748214285714289 0.03248214285714285
18 0.2875 0.984375 0.017487500000000045 0.018737500000000074
