03 0.63625 0.15125 0.03498355263157893 0.029983552631578952
08 0.694375 0.8131250000000001 0.021241610738254924 0.026241610738254928
01 0.11812500000000001 0.685 0.013706896551724121 0.012456896551724106
05 0.138125 0.953125 0.013744444444444448 0.02874444444444446
08 0.18625 0.28 0.024988095238095254 0.01998809523809525
06 0.10812675561797752 0.58375 0.03124648876404494 0.06499297752808986
13 0.9293750000000001 0.696875 0.09374509803921571 0.028745098039215655
18 0.645625 0.8362499999999999 0.01370689655172419 0.014956896551724053
04 0.244375 0.8775 0.02122844827586204 0.0174784482758622
10 0.228125 0.71625 0.023636363636363678 0.024886363636363762
10 0.361875 0.94125 0.02123579545454546 0.017485795454545316
12 0.28937500000000005 0.5 0.023719512195121972 0.029969512195122006
03 0.036875 0.76 0.013732142857142856 0.03498214285714285
