12 0.7525 0.390625 0.09248355263157892 0.0987335526315789
04 0.685 0.31437499999999996 0.074991610738255 0.06374161073825507
03 0.419375 0.548125 0.07870689655172414 0.06370689655172412
10 0.4275 0.92125 0.05499444444444451 0.047494444444444284
12 0.743125 0.615 0.09373809523809518 0.10748809523809522
20 0.774375 0.10875 0.07874297752808979 0.05999297752808988
10 0.045625 0.879375 0.05624509803921568 0.05374509803921568
18 0.8987499999999999 0.04625 0.04495689655172408 0.04745689655172414
20 0.471875 0.11125 0.08872844827586202 0.07747844827586206
03 0.6325000000000001 0.40125 0.0848863636363637 0.11488636363636362
04 0.868125 0.489375 0.06873579545454533 0.05873579545454549
