10 0.55625 0.03125 0.02498355263157892 0.017483552631578945
13 0.06125 0.9025 0.062491610738255036 0.0949916107382549
06 0.926875 0.80125 0.1012068965517241 0.0699568965517241
18 0.205 0.878125 0.017494444444444424 0.021244444444444288
03 0.83375 0.153125 0.019988095238095083 0.04873809523809525
04 0.43625 0.3125 0.03249297752808983 0.022492977528089875
18 0.8825000000000001 0.605 0.01999509803921573 0.022495098039215677
11 0.66375 0.7275 0.02745689655172412 0.01745689655172411
06 0.16749999999999998 0.5762499999999999 0.02497844827586207 0.02747844827586199
12 0.77625 0.8025 0.03738636363636383 0.039886363636363775
10 0.5237499999999999 0.844375 0.03248579545454555 0.026235795454545352
15 0.413125 0.240625 0.016219512195121966 0.016219512195121966
07 0.6125 0.16375 0.014982142857142833 0.04248214285714283
04 0.5856250000000001 0.5506249999999999 0.02873749999999997 0.02873749999999997
