14 0.9225 0.8587499999999999 0.027483552631578867 0.05248355263157889
10 0.5125 0.385 0.03499161073825502 0.027491610738255012
06 0.40125 0.675625 0.02995689655172412 0.018706896551724084
14 0.321875 0.69125 0.04124444444444442 0.0524944444444444
00 0.7618750000000001 0.90875 0.04373809523809513 0.027488095238095034
09 0.734375 0.87625 0.03874297752808986 0.0474929775280899
10 0.84875 0.903125 0.03749509803921569 0.04124509803921572
18 0.1525 0.52 0.024956896551724117 0.02745689655172412
15 0.8625 0.9456249999999999 0.022478448275862206 0.013728448275862282
08 0.60375 0.9012500000000001 0.02488636363636365 0.057386363636363735
20 0.11875 0.385625 0.024985795454545476 0.018735795454545512
10 0.41000000000000003 0.93625 0.02996951219512195 0.029969512195122006
01 0.17812499999999998 0.731875 0.02123214285714284 0.02123214285714281
