05 0.101875 0.46875 0.04623355263157894 0.02498355263157892
12 0.639375 0.57125 0.046241610738254946 0.04999161073825509
05 0.9125000000000001 0.38125 0.032456896551724124 0.034956896551724126
01 0.688125 0.121875 0.0362444444444443 0.041244444444444445
07 0.7975000000000001 0.8062470238095238 0.02248809523809514 0.0699940476190476
06 0.84125 0.7725 0.08999297752808977 0.07249297752808992
14 0.660625 0.0675 0.06624509803921574 0.02749509803921569
11 0.843125 0.135 0.0387068965517241 0.027456896551724133
15 0.31625000000000003 0.015000000000000003 0.02247844827586204 0.024978448275862073
06 0.494375 0.370625 0.07363636363636356 0.046136363636363587
