09 0.37124999999999997 0.40312499999999996 0.034983552631578874 0.05373355263157892
03 0.643125 0.20750000000000002 0.048741610738255 0.04999161073825506
18 0.61875 0.57875 0.03495689655172418 0.03745689655172413
05 0.974375 0.94 0.02874444444444435 0.0624944444444443
04 0.889375 0.543125 0.05373809523809514 0.033738095238095234
13 0.750625 0.20625 0.1462429775280898 0.062492977528089855
14 0.42875 0.406875 0.0474950980392157 0.038745098039215664
06 0.6825 0.271875 0.06495689655172421 0.021206896551724086
03 0.71 0.89625 0.05247844827586223 0.06997844827586219
01 0.343125 0.44875 0.026136363636363624 0.027386363636363598
03 0.6881285511363637 0.186875 0.06124289772727265 0.02623579545454549
14 0.8300000000000001 0.698125 0.057469512195121975 0.05371951219512194
