12 0.72875 0.450625 0.0674835526315789 0.0937335526315789
09 0.231875 0.316875 0.04124161073825505 0.02624161073825504
06 0.3075 0.875 0.07745689655172416 0.08245689655172406
18 0.746875 0.218125 0.02874444444444435 0.031244444444444436
20 0.546875 0.924375 0.031238095238095287 0.021238095238095167
10 0.22375 0.718125 0.03499297752808986 0.0312429775280898
07 0.549373774509804 0.298125 0.04124754901960781 0.02124509803921565
18 0.95 0.40875 0.022456896551724115 0.02745689655172412
06 0.32375 0.541875 0.07497844827586203 0.061228448275862046
20 0.365 0.03 0.0323863636363636 0.024886363636363637
06 0.375 0.3225 0.08748579545454549 0.07998579545454548
18 0.8968750000000001 0.033749999999999995 0.026219512195121975 0.029969512195121947
