15 0.76625 0.848125 0.037483552631578876 0.08123355263157883
03 0.5900000000000001 0.83375 0.09249161073825507 0.17999161073825487
20 0.54375 0.225 0.039956896551724186 0.034956896551724126
20 0.663125 0.164375 0.033744444444444355 0.02624444444444446
03 0.46187500000000004 0.51625 0.03123809523809523 0.10998809523809533
01 0.595625 0.42874999999999996 0.03874297752808986 0.03749297752808983
05 0.57625 0.869375 0.03749509803921569 0.046245098039215726
15 0.573125 0.74 0.04370689655172422 0.03495689655172418
14 0.9181250000000001 0.11125000000000002 0.056228448275862264 0.03997844827586207
01 0.58875 0.04 0.03488636363636366 0.03488636363636363
07 0.625 0.47 0.1174857954545454 0.017485795454545483
00 0.359375 0.7481249999999999 0.04621951219512199 0.03621951219512198
