06 0.735625 0.08124999999999999 0.026233552631578894 0.07748355263157895
03 0.6087479026845638 0.17375000000000002 0.044995805369127506 0.03749161073825505
03 0.015625 0.395 0.01870689655172414 0.02995689655172412
03 0.551875 0.631875 0.023744444444444568 0.0212444444444444
03 0.6812529761904762 0.93625 0.022494047619047608 0.037488095238095154
19 0.50125 0.69 0.014992977528089868 0.03749297752808978
09 0.450625 0.9612499999999999 0.021245098039215704 0.017495098039215784
06 0.474375 0.795625 0.061206896551724066 0.0337068965517241
20 0.095625 0.94625 0.01372844827586206 0.014978448275862255
20 0.51625 0.8843749999999999 0.029886363636363544 0.026136363636363735
06 0.526875 0.059375 0.018735795454545512 0.023735795454545454
