03 0.84375 0.96625 0.029983552631578814 0.012483552631578854
12 0.93625 0.6993750000000001 0.0274916107382549 0.04874161073825489
15 0.7050000000000001 0.39437500000000003 0.014956896551724053 0.041206896551724104
03 0.13124999999999998 0.341875 0.019994444444444454 0.016244444444444506
03 0.5162500000000001 0.8225 0.017488095238095247 0.01498809523809519
08 0.605625 0.453125 0.008742977528089835 0.028742977528089853
10 0.51375 0.473125 0.017495098039215673 0.013745098039215697
03 0.56125 0.045 0.029956896551724177 0.05745689655172414
08 0.58125 0.541875 0.022478448275862095 0.028728448275862073
07 0.95875 0.813125 0.022386363636363704 0.013636363636363669
18 0.666875 0.08125 0.011235795454545228 0.014985795454545453
01 0.505625 0.72 0.028719512195121977 0.024969512195122
