04 0.75125 0.311875 0.022483552631578863 0.02623355263157895
18 0.504375 0.140625 0.02124161073825498 0.023741610738255037
20 0.065 0.6125 0.02245689655172415 0.014956896551724053
18 0.18062499999999998 0.828125 0.018744444444444425 0.0212444444444444
06 0.3174970238095238 0.054375 0.039994047619047624 0.06373809523809523
08 0.23125 0.334375 0.009992977528089836 0.028742977528089853
07 0.44375 0.510625 0.00749509803921572 0.03624509803921572
02 0.1975 0.686875 0.04995689655172411 0.0237068965517242
06 0.62875 0.6925 0.049978448275862064 0.04747844827586212
01 0.11937500000000001 0.9762500000000001 0.01613636363636363 0.014886363636363753
06 0.8781285511363637 0.605625 0.028742897727272676 0.0762357954545454
