13 0.056874999999999995 0.24125 0.053733552631578946 0.06748355263157896
03 0.28125 0.915 0.017491610738255003 0.022491610738254897
10 0.4925 0.428125 0.022456896551724115 0.023706896551724144
12 0.58875 0.6025 0.027494444444444488 0.03499444444444444
03 0.92625 0.74 0.024988095238095198 0.04748809523809516
15 0.6325000000000001 0.655 0.032492977528089884 0.02749297752808988
13 0.184375 0.31499999999999995 0.06624509803921569 0.03999509803921569
05 0.65625 0.635625 0.024956896551724173 0.0237068965517242
15 0.715625 0.463125 0.03122844827586213 0.028728448275862073
06 0.693125 0.485 0.06613636363636366 0.0298863636363636
