14 0.76875 0.095625 0.019983552631578916 0.06123355263157895
06 0.396875 0.05375 0.09874161073825505 0.022491610738255022
09 0.92125 0.07999999999999999 0.039956896551724075 0.03245689655172414
03 0.518125 0.404375 0.06374444444444449 0.043744444444444475
00 0.75 0.45125 0.044988095238095216 0.037488095238095265
03 0.705625 0.76875 0.06624297752808983 0.04249297752808989
08 0.8225 0.94625 0.022495098039215677 0.05499509803921565
11 0.7306250000000001 0.40937500000000004 0.04120689655172416 0.028706896551724148
03 0.49812500000000004 0.535625 0.0612284482758621 0.06622844827586205
03 0.027499999999999997 0.5875 0.027386363636363636 0.01738636363636359
