10 0.37 0.8825000000000001 0.03248355263157887 0.02498355263157881
10 0.055 0.013124999999999998 0.027491610738255026 0.02124161073825503
01 0.313125 0.31062500000000004 0.023706896551724144 0.01870689655172414
09 0.608125 0.7037500000000001 0.04874444444444448 0.04999444444444434
14 0.735625 0.589375 0.06123809523809509 0.021238095238095278
03 0.30749824438202245 0.55125 0.04249648876404494 0.02499297752808982
11 0.35124999999999995 0.605625 0.0449950980392157 0.03624509803921572
03 0.0575 0.43000000000000005 0.019956896551724154 0.02995689655172412
14 0.10375000000000001 0.5218750000000001 0.02997844827586206 0.043728448275862086
04 0.21125 0.8475 0.039886363636363664 0.04238636363636372
02 0.3375 0.551875 0.02998579545454544 0.033735795454545414
06 0.245 0.408125 0.04246951219512196 0.02121951219512197
