11 0.419375 0.21375 0.05623355263157892 0.06498355263157896
12 0.18312499999999998 0.5081249999999999 0.07874161073825506 0.106241610738255
06 0.871875 0.92625 0.026206896551724146 0.049956896551724084
13 0.47125 0.83375 0.10249444444444455 0.09499444444444438
06 0.849375 0.5375000000000001 0.04623809523809519 0.02498809523809531
20 0.049375 0.1225 0.043742977528089894 0.044992977528089895
20 0.54125 0.861875 0.06749509803921572 0.06624509803921563
13 0.763125 0.84375 0.1637068965517242 0.12245689655172409
13 0.7012499999999999 0.900625 0.13497844827586214 0.10122844827586219
11 0.27437500000000004 0.339375 0.056136363636363706 0.04113636363636364
03 0.431875 0.7306250000000001 0.10623579545454548 0.051235795454545374
03 0.6268750000000001 0.5349999999999999 0.05871951219512195 0.04496951219512202
13 0.39249999999999996 0.608125 0.07498214285714283 0.1412321428571428
05 0.57 0.4825 0.04248750000000001 0.03748750000000001
