03 0.7537499999999999 0.72125 0.022483552631578863 0.027483552631578978
15 0.11812290268456377 0.14750000000000002 0.011245805369127518 0.03749161073825505
01 0.22375 0.298125 0.019956896551724113 0.013706896551724135
10 0.725 0.389375 0.03499444444444433 0.03624444444444447
03 0.600625 0.8374999999999999 0.02873809523809523 0.044988095238095105
08 0.651875 0.354375 0.03874297752808986 0.016242977528089897
07 0.606876225490196 0.13375 0.04874754901960787 0.0324950980392157
18 0.78125 0.6368750000000001 0.01745689655172411 0.02120689655172414
18 0.114375 0.074375 0.016228448275862062 0.018728448275862064
14 0.4175 0.758125 0.04238636363636361 0.03113636363636374
03 0.853125 0.81875 0.03623579545454536 0.017485795454545316
03 0.825625 0.47687500000000005 0.018719512195121912 0.038719512195121986
03 0.5743750000000001 0.96 0.03123214285714282 0.05248214285714281
