01 0.5874999999999999 0.35625 0.039983552631578934 0.029983552631578925
03 0.8162499999999999 0.9668749999999999 0.059991610738254875 0.026241610738254928
04 0.44125000000000003 0.775625 0.044956896551724135 0.036206896551724155
05 0.87125 0.8787499999999999 0.04249444444444439 0.07999444444444437
08 0.606875 0.2875 0.02873809523809523 0.02748809523809531
03 0.135625 0.12499999999999999 0.05874297752808988 0.10499297752808986
20 0.854375 0.323125 0.04124509803921561 0.03374509803921566
03 0.391875 0.393125 0.028706896551724148 0.07370689655172413
00 0.385625 0.694375 0.06622844827586205 0.053728448275862206
00 0.5431250000000001 0.488125 0.051136363636363646 0.043636363636363584
20 0.785625 0.910625 0.021235795454545348 0.016235795454545343
03 0.8325 0.500625 0.05996951219512203 0.04121951219512199
