04 0.7268749999999999 0.8143750000000001 0.02873355263157895 0.02873355263157895
00 0.850625 0.349375 0.05124161073825484 0.043741610738255055
06 0.4475 0.291239224137931 0.06245689655172415 0.04747844827586206
03 0.5331250000000001 0.89875 0.03124444444444452 0.07499444444444436
08 0.794375 0.09625 0.03623809523809507 0.09498809523809522
05 0.1525 0.144375 0.02749297752808988 0.051242977528089886
03 0.534375 0.18562499999999998 0.046245098039215615 0.08624509803921568
06 0.191875 0.495625 0.12370689655172412 0.04620689655172411
03 0.47124999999999995 0.37875000000000003 0.11247844827586201 0.03997844827586211
03 0.628125 0.760625 0.026136363636363624 0.04613636363636364
08 0.43 0.23375 0.03248579545454544 0.07248579545454548
15 0.329375 0.7375 0.03121951219512198 0.04496951219512202
