15 0.174375 0.9606250000000001 0.006233552631578987 0.018733552631578942
14 0.7 0.658125 0.00999161073825483 0.0637416107382549
10 0.180625 0.6625 0.01870689655172414 0.01745689655172411
08 0.28500000000000003 0.688125 0.02999444444444438 0.013744444444444337
03 0.284375 0.5318750000000001 0.031238095238095287 0.026238095238095283
03 0.8218749999999999 0.29874999999999996 0.03374297752808986 0.019992977528089872
12 0.04625 0.50125 0.02999509803921569 0.03999509803921564
06 0.5587500000000001 0.723125 0.09745689655172407 0.011206896551724133
08 0.1325 0.504375 0.01997844827586205 0.013728448275862004
03 0.28312499999999996 0.6675 0.02613636363636368 0.022386363636363704
02 0.933125 0.7281249999999999 0.04623579545454537 0.0337357954545453
08 0.97375 0.319375 0.04246951219512196 0.016219512195121966
12 0.42374999999999996 0.266875 0.027482142857142844 0.031232142857142875
