11 0.580625 0.26625 0.0362335526315789 0.034983552631578985
01 0.605 0.59625 0.03999161073825508 0.03999161073825508
03 0.19437500000000002 0.645 0.021206896551724114 0.03745689655172413
12 0.16562499999999997 0.47750000000000004 0.04624444444444445 0.04749444444444456
00 0.5606249999999999 0.9550000000000001 0.02873809523809523 0.024988095238095087
11 0.893125 0.21000000000000002 0.03374297752808986 0.029992977528089854
10 0.6599999999999999 0.416875 0.03499509803921563 0.021245098039215704
11 0.5025 0.718125 0.03745689655172407 0.026206896551724146
01 0.5956250000000001 0.20375 0.02372844827586207 0.019978448275862065
01 0.31375 0.133125 0.02238636363636365 0.018636363636363645
