03 0.47624999999999995 0.8668750000000001 0.017483552631578914 0.016233552631578996
03 0.57375 0.95 0.01249161073825511 0.04749161073825492
15 0.57875 0.31937499999999996 0.009956896551724048 0.01870689655172414
03 0.435 0.404375 0.01749444444444448 0.026244444444444515
08 0.229375 0.67125 0.02373809523809528 0.0399880952380951
02 0.210625 0.818125 0.02624297752808985 0.023742977528089848
13 0.168125 0.8075 0.05874509803921568 0.027495098039215682
09 0.56375 0.186875 0.024956896551724173 0.03620689655172413
09 0.901875 0.13875 0.03122844827586224 0.047478448275862076
03 0.8999999999999999 0.08937500000000001 0.047386363636363726 0.01613636363636363
08 0.06374644886363637 0.6737500000000001 0.08249289772727272 0.044985795454545285
03 0.30374999999999996 0.46375 0.01996951219512194 0.04246951219512196
01 0.34562499999999996 0.149375 0.01623214285714286 0.01623214285714286
