03 0.434375 0.963125 0.02123355263157889 0.02873355263157884
18 0.0475 0.5800000000000001 0.019991610738255033 0.022491610738255008
03 0.07625 0.900625 0.03495689655172413 0.04370689655172422
16 0.23625000000000002 0.930625 0.03499444444444444 0.04874444444444437
08 0.49624999999999997 0.311875 0.029988095238095258 0.026238095238095283
11 0.785625 0.6781250000000001 0.028742977528089853 0.023742977528089848
03 0.9706250000000001 0.113125 0.04124509803921572 0.03124509803921567
04 0.028125 0.321875 0.03370689655172414 0.031206896551724095
15 0.31375 0.8262499999999999 0.049978448275862064 0.04747844827586223
20 0.460625 0.975625 0.018636363636363562 0.018636363636363673
03 0.4175 0.059375000000000004 0.05248579545454546 0.031235795454545454
