19 0.78375 0.79875 0.039983552631578934 0.037483552631578876
11 0.18125000000000002 0.083125 0.04249161073825505 0.02874161073825504
05 0.561875 0.938114224137931 0.05870689655172412 0.036228448275862024
20 0.7168749999999999 0.516875 0.03624444444444441 0.026244444444444515
04 0.39625 0.6443749999999999 0.05748809523809528 0.03873809523809524
03 0.52625 0.496875 0.08999297752808988 0.06624297752808983
07 0.751875 0.1925 0.038745098039215664 0.23749509803921567
03 0.8187500000000001 0.94 0.05495689655172409 0.07245689655172416
14 0.39125 0.77125 0.04747844827586206 0.04747844827586212
04 0.370625 0.8325 0.04863636363636359 0.04238636363636372
04 0.63625 0.6737500000000001 0.03998579545454539 0.03998579545454539
