03 0.518125 0.70375 0.043733552631578854 0.03248355263157898
02 0.938125 0.5931249999999999 0.046241610738254835 0.04124161073825505
01 0.5549999999999999 0.264375 0.022456896551724115 0.023706896551724144
03 0.683125 0.943125 0.031244444444444408 0.031244444444444408
04 0.961875 0.169375 0.041238095238095185 0.04373809523809527
20 0.946875 0.9781249999999999 0.028742977528089853 0.023742977528089848
14 0.426875 0.028749999999999998 0.03624509803921572 0.05249509803921568
01 0.498125 0.060625 0.023706896551724088 0.016206896551724137
20 0.6325000000000001 0.78625 0.03747844827586211 0.03747844827586211
09 0.20750000000000002 0.16625 0.019886363636363674 0.08238636363636365
18 0.6643749999999999 0.739375 0.02873579545454541 0.031235795454545245
20 0.5549999999999999 0.774375 0.04996951219512191 0.03621951219512198
03 0.5549999999999999 0.6287499999999999 0.09498214285714279 0.05998214285714287
