06 0.35875 0.20625 0.029983552631578925 0.03498355263157896
09 0.7987500000000001 0.70375 0.01999161073825484 0.01999161073825495
06 0.316885775862069 0.176875 0.016228448275862062 0.011206896551724133
18 0.18312499999999998 0.9575 0.016244444444444422 0.017494444444444368
14 0.10875 0.8831249999999999 0.024988095238095226 0.021238095238095167
04 0.06 0.6812499999999999 0.019992977528089893 0.012492977528089866
14 0.9393750000000001 0.52 0.018745098039215757 0.009995098039215722
07 0.24 0.34625 0.012456896551724134 0.029956896551724177
07 0.48375538793103445 0.406875 0.03248922413793104 0.011228448275862057
11 0.175 0.883125 0.02488636363636368 0.02113636363636373
00 0.9775 0.1725 0.019985795454545374 0.017485795454545455
03 0.114375 0.369375 0.021219512195121942 0.011219512195121961
10 0.626875 0.565625 0.01373214285714286 0.016232142857142917
06 0.921875 0.08125000000000002 0.018737500000000074 0.06998750000000001
