04 0.40125 0.545625 0.022483552631578863 0.018733552631578942
03 0.053125 0.671875 0.02124161073825502 0.036241610738254826
11 0.075 0.546875 0.014956896551724136 0.018706896551724084
18 0.36125 0.79 0.012494444444444475 0.014994444444444421
12 0.12437500000000001 0.538125 0.018738095238095234 0.026238095238095283
03 0.639375 0.9781249999999999 0.016242977528089897 0.023742977528089848
16 0.215 0.956875 0.02499509803921568 0.0162450980392157
04 0.3375 0.81875 0.02245689655172417 0.014956896551724164
14 0.873125 0.448125 0.02372844827586218 0.02372844827586207
03 0.030625 0.526875 0.011136363636363635 0.016136363636363615
03 0.97 0.30874999999999997 0.02498579545454538 0.014985795454545425
13 0.7424999999999999 0.37812500000000004 0.047469512195121966 0.013719512195121963
12 0.22749999999999998 0.5674999999999999 0.03498214285714282 0.019982142857142837
04 0.1875 0.28437500000000004 0.01998749999999999 0.018737500000000018
