13 0.35375 0.680625 0.07498355263157891 0.12373355263157892
16 0.26 0.800625 0.034991610738255075 0.031241610738254932
04 0.604375 0.89125 0.028706896551724093 0.01745689655172411
03 0.52125 0.04875 0.027494444444444488 0.02999444444444444
18 0.76875 0.8825000000000001 0.019988095238095194 0.02248809523809514
13 0.8043750000000001 0.359375 0.05874297752808977 0.04624297752808981
07 0.490625 0.168125 0.033745098039215715 0.023745098039215706
18 0.25625 0.08312499999999999 0.017456896551724166 0.01870689655172414
03 0.635625 0.806875 0.026228448275862126 0.05122844827586226
06 0.5918749999999999 0.25875000000000004 0.04613636363636353 0.04738636363636367
