13 0.21750000000000003 0.37312500000000004 0.084983552631579 0.0912335526315789
10 0.90375 0.518125 0.042491610738254804 0.031241610738255043
19 0.1 0.166875 0.03995689655172413 0.046206896551724136
03 0.5375000000000001 0.414375 0.05249444444444451 0.04874444444444448
03 0.3906279761904762 0.339375 0.1062440476190476 0.08373809523809528
10 0.839375 0.353125 0.05124297752808982 0.03374297752808986
03 0.265625 0.289375 0.038745098039215664 0.04874509803921567
03 0.731875 0.665625 0.04120689655172416 0.06870689655172413
14 0.419375 0.50875 0.08622844827586207 0.057478448275862015
03 0.7375 0.10375 0.0798863636363637 0.039886363636363636
13 0.55125 0.0925 0.1724857954545454 0.08498579545454546
03 0.58875 0.401875 0.06246951219512198 0.12871951219512195
10 0.9425 0.770625 0.039982142857142744 0.03373214285714288
