18 0.0975 0.35124999999999995 0.014983552631578939 0.017483552631578914
03 0.6499999999999999 0.24937499999999999 0.017491610738254892 0.018741610738255032
09 0.20124999999999998 0.176875 0.009956896551724131 0.023706896551724144
05 0.829375 0.67625 0.0212444444444444 0.017494444444444368
20 0.52625 0.63125 0.009988095238095296 0.012488095238095243
07 0.5162517556179775 0.51875 0.03749648876404493 0.047492977528089786
13 0.30874999999999997 0.944375 0.06749509803921566 0.02624509803921571
04 0.469375 0.16375 0.016206896551724137 0.017456896551724138
03 0.763125 0.66 0.02372844827586229 0.03497844827586216
00 0.7525 0.43000000000000005 0.012386363636363806 0.014886363636363587
06 0.395625 0.583125 0.05373579545454543 0.031235795454545467
04 0.065625 0.77875 0.018719512195121947 0.01746951219512194
06 0.64125 0.6675 0.0374821428571428 0.04498214285714286
08 0.096875 0.845 0.016237500000000016 0.014987500000000042
