00 0.21437499999999998 0.09375 0.036233552631578986 0.037483552631578945
15 0.5225 0.609375 0.042491610738255026 0.056241610738255066
03 0.434375 0.9293750000000001 0.05870689655172412 0.04120689655172416
08 0.5393749999999999 0.08125 0.023744444444444457 0.024994444444444458
06 0.07125000000000001 0.46125 0.08498809523809524 0.05998809523809523
06 0.546875 0.69125 0.0312429775280898 0.08249297752808982
13 0.460625 0.44625 0.10374509803921572 0.052495098039215704
14 0.9075 0.145625 0.022456896551724115 0.051206896551724126
15 0.81 0.389375 0.039978448275862166 0.048728448275862035
09 0.8625 0.0375 0.04488636363636378 0.03238636363636363
08 0.9237500000000001 0.54125 0.009985795454545365 0.029985795454545494
18 0.64125 0.91125 0.019969512195121997 0.022469512195121943
00 0.96 0.951875 0.039982142857142855 0.03373214285714288
