20 0.34187500000000004 0.42937499999999995 0.02373355263157889 0.02373355263157889
00 0.74 0.19374999999999998 0.03499161073825485 0.029991610738255042
18 0.65625 0.109375 0.022456896551724226 0.026206896551724118
03 0.846875 0.715625 0.06874444444444439 0.016244444444444395
06 0.075625 0.094375 0.06873809523809524 0.013738095238095244
06 0.93375 0.41375 0.039992977528089835 0.10249297752808983
15 0.779375 0.051250000000000004 0.02624509803921571 0.014995098039215692
03 0.721875 0.731875 0.036206896551724044 0.06120689655172418
09 0.471875 0.71375 0.03372844827586208 0.03997844827586228
07 0.361875 0.369375 0.08113636363636356 0.11363636363636359
03 0.479375 0.08687500000000001 0.02373579545454546 0.048735795454545455
05 0.130625 0.809375 0.05121951219512193 0.026219512195121975
03 0.673125 0.46125 0.028732142857142873 0.08248214285714284
01 0.11437499999999999 0.8925000000000001 0.033737500000000004 0.027487499999999998
