15 0.8218749999999999 0.9225 0.02123355263157889 0.017483552631578858
09 0.23125 0.96125 0.03499161073825505 0.042491610738254915
20 0.37875000000000003 0.22312500000000002 0.027456896551724175 0.02870689655172412
09 0.5137499999999999 0.77125 0.03499444444444444 0.022494444444444373
15 0.21000000000000002 0.44125 0.027488095238095284 0.047488095238095274
20 0.435 0.77625 0.019992977528089817 0.019992977528089817
01 0.39437500000000003 0.95875 0.02124509803921565 0.01999509803921562
06 0.685 0.836875 0.00995689655172416 0.11620689655172411
18 0.7575 0.34875 0.022478448275862206 0.024978448275862042
15 0.3069034090909091 0.178125 0.02119318181818186 0.023636363636363678
03 0.18375000000000002 0.59 0.09748579545454547 0.022485795454545432
