06 0.95875 0.4175 0.017483552631578858 0.042483552631578936
03 0.7749999999999999 0.493125 0.03749161073825491 0.05374161073825501
06 0.15 0.944375 0.02995689655172412 0.08370689655172414
20 0.709375 0.52 0.033744444444444355 0.03249444444444449
05 0.794375 0.39625 0.03373809523809512 0.03998809523809527
14 0.40937500000000004 0.756875 0.031242977528089855 0.06374297752808988
06 0.724375 0.11562377450980392 0.09874509803921572 0.051247549019607846
03 0.32375 0.2475 0.02745689655172412 0.03745689655172413
03 0.281875 0.7418750000000001 0.02622844827586207 0.0487284482758622
04 0.7206250000000001 0.15625 0.0336363636363638 0.02488636363636365
15 0.033125 0.330625 0.05123579545454545 0.11873579545454549
03 0.729375 0.609375 0.03121951219512198 0.10121951219512204
08 0.8887499999999999 0.11375 0.05498214285714276 0.042482142857142885
