05 0.323125 0.7075 0.023733552631578947 0.02498355263157892
19 0.59125 0.565 0.024991610738254955 0.03999161073825508
14 0.07874999999999999 0.9143749999999999 0.02495689655172413 0.023706896551724088
08 0.598125 0.039999999999999994 0.023744444444444568 0.017494444444444444
06 0.075625 0.0475 0.043738095238095236 0.057488095238095234
07 0.41375 0.6950000000000001 0.05999297752808985 0.12749297752808986
03 0.66125 0.910625 0.03999509803921564 0.03374509803921566
08 0.5237499999999999 0.56 0.022456896551724115 0.039956896551724186
13 0.6781250000000001 0.41812499999999997 0.026228448275862237 0.06372844827586205
06 0.495625 0.768125 0.08113636363636356 0.03863636363636369
18 0.55125 0.39812499999999995 0.01748579545454554 0.018735795454545456
08 0.356875 0.868125 0.013719512195122019 0.05371951219512194
04 0.5874999999999999 0.968125 0.029982142857142846 0.02373214285714287
04 0.41312499999999996 0.754375 0.028737500000000027 0.028737500000000082
