02 0.880625 0.598125 0.051233552631578916 0.11873355263157892
08 0.06374790268456376 0.28375 0.03999580536912753 0.04499161073825508
20 0.1375 0.6231249999999999 0.03245689655172414 0.03120689655172415
10 0.346875 0.923125 0.026244444444444515 0.031244444444444408
20 0.7637499999999999 0.65 0.012488095238095132 0.009988095238095074
06 0.590625 0.96375 0.008742977528089835 0.06999297752808986
15 0.10250000000000001 0.5700000000000001 0.027495098039215696 0.014995098039215615
08 0.888125 0.545 0.026206896551724035 0.03745689655172413
04 0.8512500000000001 0.8431249999999999 0.03497844827586227 0.028728448275862184
03 0.62625 0.30374999999999996 0.07488636363636358 0.05238636363636362
10 0.031875 0.9056249999999999 0.026235795454545453 0.021235795454545348
