01 0.41000000000000003 0.5543750000000001 0.03248355263157893 0.031233552631578898
07 0.5725 0.6568749999999999 0.07249161073825505 0.07624161073825497
04 0.065 0.90375 0.049956896551724125 0.03495689655172407
15 0.424375 0.255625 0.04124444444444453 0.07624444444444442
06 0.49312500000000004 0.459375 0.11623809523809531 0.06623809523809526
01 0.500625 0.42625 0.04124297752808981 0.02999297752808988
16 0.8668750000000001 0.45999999999999996 0.07624509803921564 0.05749509803921565
03 0.82375 0.11812500000000001 0.03745689655172413 0.04620689655172412
13 0.3825 0.12625 0.06997844827586208 0.10747844827586206
14 0.103125 0.81875 0.02863636363636364 0.11488636363636373
06 0.07125000000000001 0.595 0.024985795454545462 0.0399857954545455
01 0.8868750000000001 0.5462499999999999 0.04871951219512194 0.047469512195121966
04 0.811875 0.11750000000000001 0.04873214285714278 0.03748214285714288
09 0.8743749999999999 0.838125 0.0587375 0.03623749999999992
