02 0.19124999999999998 0.801875 0.05248355263157897 0.016233552631578885
11 0.779375 0.935625 0.031241610738254932 0.031241610738254932
09 0.48124999999999996 0.036875000000000005 0.04745689655172408 0.02620689655172414
01 0.186875 0.19 0.028744444444444434 0.019994444444444426
14 0.210625 0.578125 0.038738095238095266 0.04873809523809536
06 0.35375 0.36874824438202247 0.03499297752808983 0.029996488764044926
03 0.8531249999999999 0.359375 0.03374509803921566 0.02624509803921571
03 0.12875 0.920625 0.03745689655172413 0.06370689655172412
06 0.9056303879310345 0.80375 0.05123922413793114 0.07747844827586226
03 0.89 0.348125 0.02738636363636382 0.07113636363636361
20 0.41500000000000004 0.4675 0.017485795454545483 0.014985795454545425
13 0.84625 0.471875 0.09996951219512196 0.0712195121951219
