03 0.14 0.823125 0.022483552631578946 0.023733552631578947
09 0.22 0.753125 0.012491610738255055 0.03124161073825482
01 0.18937500000000002 0.675 0.013706896551724107 0.014956896551724053
10 0.03 0.9781249999999999 0.017494444444444448 0.01874444444444434
04 0.778125 0.389375 0.01623809523809505 0.013738095238095271
07 0.0875 0.071875 0.04249297752808988 0.05374297752808989
10 0.219375 0.54625 0.016245098039215672 0.014995098039215726
13 0.315 0.190625 0.06245689655172415 0.021206896551724114
07 0.11563038793103447 0.5925 0.013739224137931036 0.029978448275862046
11 0.78 0.8868750000000001 0.022386363636363704 0.01363636363636378
20 0.89375 0.0675 0.014985795454545259 0.012485795454545458
09 0.47 0.9025 0.01996951219512194 0.022469512195121943
14 0.715625 0.595 0.018732142857142864 0.04498214285714286
06 0.379375 0.7324999999999999 0.026237500000000025 0.05998749999999997
